1.0 0.0 0.0 0.0 0.0 1.0
0.9999999999989415 3.4081672727125373E-9 2.1914515563541616E-6 4.6897063305979055E-4 0.03757627197391572 0.9619525625322424
0.9999999999936494 1.0208625262519386E-8 4.369291612358297E-6 7.001789808804171E-4 0.044811454776346696 0.9544839867361846
0.9999999999777728 2.3783080316102708E-8 7.622477241310917E-6 9.756770868877974E-4 0.051954804876775215 0.9470618717537882
0.9999999999407275 4.7492070039320357E-8 1.2157969930066011E-5 0.0012948237975520303 0.059006970202728236 0.9396860004784472
0.9999999998666369 8.535236300358355E-8 1.8180053319763297E-5 0.0016569820025727118 0.06596859597742609 0.9323561564809554
0.9999999997332739 1.4203166656065075E-7 2.589034379019862E-5 0.0020615186242945653 0.07284032472507464 0.9250721240084478
0.999999999511002 2.2284333465742163E-7 3.54878010441944E-5 0.0025078046071230703 0.07962279627615748 0.9178336879833426
0.9999999991617179 3.3374107565073095E-7 4.716873869196998E-5 0.0029952149069400937 0.08631664777272816 0.910640634002282
0.9999999986377915 4.813136601221426E-7 6.112683483551212E-5 0.0035231284805195165 0.09292251367370225 0.9034927483350741
0.999999997881009 6.727796286927434E-7 7.755314265294533E-5 0.004090928274942866 0.09944102576014967 0.8963898179236349
0.9999999968215135 9.15981999837937E-7 9.663610098290235E-5 0.004698001217014945 0.1058728131405868 0.8893316303809291
0.999999995376747 1.2193829777022379E-6 1.1856154490889451E-4 0.00534373820267946 0.11221850225626866 0.8823179739899123
0.9999999934503916 1.5920586599140653E-6 1.4351271634368217E-4 0.006027534086434651 0.11847871688648111 0.8753486377024722
0.9999999909313114 2.0436937454005374E-6 1.7167027461364513E-4 0.006748787670748924 0.12465407815383307 0.8684234111383704
0.9999999876924941 2.584576242202264E-6 2.0321230704315303E-4 0.007506901695476477 0.13074520452954863 0.8615420845841836
0.9999999835899921 3.2255921752881434E-6 2.3831433953893575E-4 0.008301282827272929 0.1367527118387593 0.8547044489922456
0.9999999784618646 3.978220294370152E-6 2.771493471744539E-4 0.009131341649010956 0.1426772132657962 0.8479102959795887
0.999999972127119 4.854526781718142E-6 3.198877647742691E-4 0.00999649264919591 0.1485193193594821 0.841159417826885
0.999999964384652 5.867159959974633E-6 3.6669749749841456E-4 0.01089615421138146 0.15427963803842387 0.8344516074773882
0.999999955012192 7.029344999969609E-6 4.177439314267653E-4 0.011829748603585218 0.15995877459630445 0.8277866585358756
0.99999994376524 8.354878628535306E-6 4.731899441434087E-4 0.012796701967704356 0.16555733170717513 0.8211643652675886
0.9999999303760114 9.858123836321014E-6 5.331959153210148E-4 0.01379644430893126 0.17107590943074763 0.8145845225971752
0.9999999145523777 1.1554004585607867E-5 5.97919737305207E-4 0.014828409485169136 0.17651510521768643 0.8080469261076313
0.9999998959768076 1.3458000518123632E-5 6.675168256989321E-4 0.015892035196447656 0.18187551391490092 0.801551372039242
0.9999998743053091 1.5586141662857514E-5 7.421401299468308E-4 0.016986762974338574 0.1871577277708375 0.7950976572885234
0.999999849166371 1.795500314387494E-5 8.219401439196084E-4 0.01811203817137137 0.1923623364407718 0.7886855794071643
0.9999998201599039 2.058169988813236E-5 9.070649164984047E-4 0.019267309950448872 0.19748992699210094 0.7823149366009675
0.9999997868561824 2.348388133329203E-5 9.976600621591648E-4 0.02045203127426288 0.2025410839096356 0.7759855277287915
0.9999997487947864 2.6679726135536824E-5 0.0010938687715570097 0.021665658894709807 0.20751638910089237 0.7696971523014917
0.9999997054835427 3.018793687738501E-5 0.0011958318221106062 0.0229076533423063 0.21241642190138568 0.7634496104808627
0.9999996563974665 3.402773477550505E-5 0.0013036875885865374 0.024177478915604875 0.21724175907992027 0.7572427030785792
0.9999996009777029 3.821885438853041E-5 0.0014175720536836734 0.025474603670609542 0.22199297484388317 0.751076231555138
0.9999995386304691 4.2781538324874324E-5 0.0015376188186175417 0.026798499410191443 0.22667064084453595 0.7449499980187992
0.9999994687259947 4.77365319505446E-5 0.0016639591137046974 0.028148641673504466 0.23127532618230695 0.738863805224528
0.9999993905974645 5.3105078096958426E-5 0.0017967218089470934 0.029524509725400886 0.2358075974120834 0.7328174565729361
0.9999993035399594 5.890891176875717E-5 0.0019360334246164516 0.030925586545847004 0.24026801854850363 0.7268107561092235
0.9999992068093981 6.517025485162112E-5 0.0020820181418386326 0.03235135881933875 0.2446571510712493 0.7208435085221199
0.999999099621479 7.191181082008434E-5 0.0022347978131780056 0.033801316924317336 0.24897555393033746 0.7149155191428261
0.999998981150621 7.915675944534946E-5 0.002394491973221821 0.03527495492258488 0.2532237835514129 0.7090265939439561
0.9999988505289057 8.692875150310243E-5 0.0025612178491645787 0.03677177054872002 0.25740239384104013 0.7031765395384779
0.999998706845019 9.525190348132731E-5 0.0027350903713923985 0.03829126519949358 0.2615119361919959 0.6973651631786557
0.999998549143192 1.0415079228812113E-4 0.0029162221840673915 0.039832943923284146 0.26555295948856095 0.6915922727549914
0.9999983764221434 1.1365044995950863E-4 0.0031047236557120313 0.04139631540949375 0.26952601011181254 0.6858576767951656
0.9999981876340206 1.2377635836725707E-4 0.0033007028897935214 0.04298089197796347 0.2734316319449165 0.6801611844629798
0.9999979816833411 1.3455444392669098E-4 0.0035042657353081693 0.04458618956838905 0.2772703663784194 0.6745026055572978
0.9999977574259346 1.4601107230450706E-4 0.003715515797365754 0.046211727729736564 0.28104275231554077 0.668881750510987
0.9999975136678839 1.5817304312658887E-4 0.003934554447773898 0.04785702960965802 0.28474932617746523 0.6632984303898602
0.9999972491644674 1.7106758468582166E-4 0.004161480835622437 0.049521621943906996 0.28839062190863485 0.6577524568916172
0.9999969626190994 1.8472234864990716E-4 0.004396391897867791 0.051205035045754264 0.29196717098204117 0.6522436423447863
0.9999966526822728 1.9916540476917842E-4 0.004639382369917333 0.052906802795403426 0.29547950240451726 0.6467717997076656
0.9999963179505 2.1442523558441455E-4 0.004890544796213763 0.054626462629406555 0.29892814272203033 0.641336742567265
0.999995956965255 2.3053073113465548E-4 0.005149969540819473 0.05636355553007979 0.3023136160249734 0.6359382851382477
0.9999955682119142 2.4751118366501685E-4 0.005417744798000924 0.058117626014919 0.30563644395345796 0.6305762422618711
0.9999951501186984 2.653962823345047E-4 0.0056939566028130105 0.05988822212601541 0.3088971457026058 0.6252504294049297
0.9999947010556149 2.8421610792383047E-4 0.005978688841683434 0.061674895419471215 0.3120962380278414 0.6199606626586951
0.9999942193333982 3.0400112754322547E-4 0.006272023262997073 0.0634772009548152 0.31523423525018396 0.6147067587378587
0.9999937032024515 3.247821893402559E-4 0.006574039487680351 0.0652946972844184 0.31831164926153976 0.6094885349794729
0.9999931508517894 3.465905172076376E-4 0.006884815019785615 0.06712694644290974 0.32132898952999417 0.6043058093418923
0.9999925604079781 3.6945770549105084E-4 0.0072044252570754915 0.0689735139365916 0.324286763105104 0.599158400403716
0.999991929934078 3.934157136969552E-4 0.007532943501607273 0.07083396873285548 0.32718547462318964 0.5940461273627287
0.9999912574285845 4.1849686120040404E-4 0.007870440970317276 0.07270788324959769 0.33002562631262705 0.5889688100348421
0.9999905408243701 4.447338219528598E-4 0.008216986805605219 0.07459483334463488 0.3328077179991402 0.5839262688530369
0.9999897779876258 4.721596191900083E-4 0.008572648085918589 0.07649439830511971 0.33553224711109325 0.5789183248663042
0.9999889667168025 5.008076201395738E-4 0.00893748983633701 0.0784061608369565 0.33819970868478255 0.5739447997385868
0.9999881047415526 5.30711530729134E-4 0.009311575039156625 0.08032970705421685 0.34081059536972885 0.5690055157477212
0.9999871897216721 5.619053902939342E-4 0.009694964644474446 0.08226462646855523 0.34336539743396965 0.5641002957843788
0.9999862192460411 5.944235662847027E-4 0.010087717580772749 0.08421051197862468 0.3458646027693514 0.5592289633510076
0.9999851908315666 6.283007489754653E-4 0.010489890765503421 0.0861669598594924 0.34830869689682137 0.5543913425607739
0.999984101922123 6.635719461713603E-4 0.010901539115672347 0.08813356975205532 0.35069816297172013 0.5495872581365039
0.9999829498874943 7.002724779164529E-4 0.011322715558423773 0.09010994465245586 0.3530334817890737 0.5448165354096245
0.9999817320223152 7.384379712015504E-4 0.011753471041624677 0.09209569090149747 0.3553151317888855 0.540079000319106
0.9999804455450135 7.78104354672017E-4 0.012193854544449143 0.09409041817406028 0.3575435890614291 0.535374479410403
0.9999790875967505 8.193078533355881E-4 0.012643913087962725 0.09609373946851671 0.35971932735253953 0.5307027998343959
0.9999776552403635 8.620849832701858E-4 0.013103691745706823 0.09810527109614714 0.36184281806890634 0.526063789346333
0.999976145459307 9.06472546331733E-4 0.013573233654283055 0.10012463267055552 0.36391453028336523 0.5214572763047715
0.9999745551565942 9.525076248619688E-4 0.014052580023937618 0.10215144709708499 0.3659349307401905 0.5168830896705191
0.9999728811537385 0.0010002275763962628 0.014541770149145665 0.10418534056223351 0.36790448386038704 0.512341059005576
0.9999711201896956 0.0010496700283714301 0.015040841419195683 0.10622594252306951 0.36982365174698273 0.5078310144720762
0.9999692689198043 0.0011008728728335465 0.015549829328773843 0.1082728856966475 0.37169289419032037 0.5033527868312291
0.9999673239147286 0.0011538742611457622 0.01606876748854839 0.11032580604942371 0.37351266867335015 0.4989062074422606
0.9999652816593991 0.0012087125986961179 0.016597687635754012 0.11238434278667173 0.3752834303769217 0.4944911082613556
0.9999631385519546 0.001265426539605359 0.017136619644776186 0.1144481383418981 0.3770056321850761 0.4901073218405989
0.9999608909026836 0.0013240549814347497 0.017685591537735586 0.11651683836625798 0.3786797246903384 0.48575468132691685
0.9999585349329657 0.0013846370598938893 0.018244629495072422 0.11859009171797075 0.38030615619900965 0.48143302046101905
0.9999560667742137 0.0014472121435485255 0.01881375786613083 0.12066755045173568 0.38188537273645895 0.4771421735763397
0.9999534824668145 0.0015118198285283704 0.019392999179743235 0.12274886980814752 0.38341781805241587 0.47288197559797956
0.9999507779590712 0.0015784999332349144 0.019982374154814714 0.12483370820311214 0.3849039336262624 0.468652262041647
0.9999479491061443 0.0016472924930492415 0.020581901710907378 0.12692172721726216 0.38634415867232547 0.46445286901259997
0.9999449916689933 0.0017182377550398439 0.021191598978824742 0.1290125915853726 0.38773893014516875 0.46028363320458743
0.9999419013133188 0.0017913761726704367 0.021811481311196087 0.13110596918577647 0.38908868274488506 0.45614439189879075
0.9999386736085032 0.0018667484005077733 0.022441562293060838 0.13320153102978047 0.3903938489223885 0.4520349829627656
0.9999353040265528 0.001944395288929459 0.023081853752452933 0.1352989512510805 0.3916548588847067 0.44795524484938326
0.9999317879410393 0.002024357878831767 0.023732365770985184 0.13739790709517738 0.3928721406002728 0.4439050165957722
0.9999281206260415 0.002106677396337453 0.024393106694433665 0.13949807890879254 0.39404611980421805 0.43988413782225977
0.9999242972550862 0.002191395247503569 0.02506408314332207 0.14159915012928345 0.3951772200036635 0.43589244873131366
0.9999203129000908 0.002278553013029279 0.02574530002350608 0.14370080727405946 0.39626586248301243 0.4319297901064835
0.9999161625303038 0.0023681924429636743 0.02643676053675775 0.1458027399299973 0.3973124663092426 0.4279960033113425
0.9999118410112473 0.002460355451413586 0.02713846619134986 0.14790464074285672 0.39831744833719834 0.4240909302884288
0.9999073431036579 0.0025550841112514035 0.027850416812640298 0.15000620540669626 0.3992812232148827 0.4202144135581872
0.9999026634624285 0.0026524206488228856 0.02857261055365643 0.15210713265328865 0.40020420338874974 0.4163662962179108
0.9998977966355499 0.0027524074386549775 0.029305043905679465 0.1542071242415366 0.40108679910899664 0.41254642194068225
0.9998927370630524 0.0028550869981636244 0.030047711708828823 0.1563058849468884 0.40192941843485586 0.4087546349743157
0.9998874790759471 0.0029605019823615874 0.030800607162646515 0.1584031225507535 0.4027324672398875 0.40499078014029805
0.9998820168951679 0.003068695178566258 0.03156372183668151 0.16049854782991826 0.4034963492172711 0.40125470283273074
0.9998763446305124 0.003179709501107472 0.0323370456810741 0.16259187454596138 0.40422146588509844 0.3975462490172711
0.9998704562795845 0.003293587986035325 0.03312056703714028 0.16468281943466972 0.40490821659166504 0.39386526523007415
0.9998643457267348 0.003410373785827988 0.0339142726479561 0.16677110219545388 0.4055569985207628 0.39021159857673393
0.9998580067420026 0.00353011016409952 0.034718147668942066 0.1688564454807637 0.4061682066969721 0.38658509673122526
0.9998514329800584 0.003652840490307685 0.035532175678447485 0.1709385748855041 0.40674223399095394 0.38298560793484515
0.9998446179791436 0.0037786082344617657 0.03635633868833483 0.17301721893645056 0.40727947112474205 0.3794129809951544
0.9998375551600138 0.0039074569618303785 0.03719061715456414 0.1750921090816648 0.40778030667703513 0.37586706528491937
0.9998302378248792 0.004039430327649289 0.03803498998777737 0.1771629796799104 0.40824512708848915 0.37234771074105305
0.999822659156347 0.004174572071829224 0.03888943456388277 0.17922956799006842 0.40867431666700943 0.36885476786355725
0.9998148122163625 0.004312926013663691 0.03975392673463923 0.18129161416055306 0.4090682575930428 0.3653880877144637
0.9998066899451503 0.004454536046536788 0.04062844083824071 0.1833488612187273 0.40942732992486985 0.3619475219167757
0.9997982851601568 0.0045994461326310234 0.04151294970990052 0.18540105506031843 0.409751911603897 0.35853292265340986
0.9997895905549912 0.004747700297635125 0.04240742469243578 0.18744794443883378 0.4100423784599489 0.3551441426661376
0.9997805986983669 0.004899342625451861 0.043311835646851746 0.18948928095497639 0.41029910421656046 0.3517810352545264
0.9997713020330434 0.005054417252905849 0.044226150962926175 0.19152481904606047 0.41052246049626895 0.34844345427488194
0.9997616928747679 0.005212968364451375 0.045150337569793725 0.1935543159754272 0.4107128168259065 0.34513125413918916
0.9997517634112166 0.005375040186880205 0.04608436094653028 0.19557753182186022 0.4108705406418919 0.341844289814054
0.9997415057009363 0.005540676984029404 0.047028185132737384 0.19759422946900143 0.41099599729552294 0.3385824168196451
0.9997309116722861 0.005709923051489147 0.047981772739126544 0.19960417459476643 0.4110895500582689 0.3353454912286351
0.999719973122379 0.005882822711310534 0.048945084958103645 0.20160713566076024 0.4111515601270622 0.33213336966514245
0.9997086817160233 0.006059420306713407 0.049918081574353304 0.203602883901693 0.41118238662959095 0.32894590930367273
0.9996970289846643 0.006239760196794163 0.05090072097542325 0.20559119331479547 0.41118238662959095 0.3257829678680605
0.9996850063253256 0.00642388675123357 0.05189296016230868 0.20757184064923473 0.411151915132138 0.3226444036304106
0.999672604999551 0.006611844345004581 0.05289475476003665 0.2095446053955298 0.41109132508894014 0.31953007541003986
0.999659816132346 0.0068036773530801495 0.053906059028250415 0.21150926977496728 0.41100096740362957 0.3164398425724186
0.9996466307111191 0.0069994301451410425 0.05492682587179383 0.21346561872901693 0.4108811909370551 0.3133735650281122
0.9996330395846237 0.007199147080283657 0.0559570068512957 0.21541343990874734 0.41073234251257423 0.31033110323172275
0.9996190334618994 0.007402872501727835 0.056996552193754164 0.21735252366424163 0.4105547669213453 0.3073123181808305
0.9996046029112138 0.0076106507315246786 0.058045410803121054 0.21928266303401286 0.41034880692761966 0.30431707141493547
0.9995897383590038 0.007822526065264361 0.05910353027088628 0.22120365373442 0.41011480327403416 0.301345225014399
0.9995744300888173 0.008038542766783946 0.06017085688666219 0.22311529414908315 0.40985309468690273 0.2983966415993853
0.999558668240255 0.008258745062875203 0.06124733564876792 0.22501738531829954 0.40956401788150926 0.2954711843288031
0.9995424428079114 0.008483177137992414 0.06233291027481382 0.22690973092845895 0.40924790756739915 0.29256871689924707
0.999525743640317 0.0087118831289602 0.06342752321228577 0.2287921373014594 0.40890509645367207 0.2896891035439395
0.9995085604388791 0.008944907119681326 0.06453111564912957 0.23066441338412272 0.4085359152542737 0.2868322090316719
0.9994908827568245 0.009182293135844524 0.06564362752433532 0.23252637073761032 0.40814069269328807 0.28399789866574626
0.9994726999981396 0.009424085139632297 0.06676499753852178 0.23437782352683867 0.40771975551022976 0.2811860382829171
0.9994540014165134 0.009670327024428748 0.06789516316452072 0.23621858850989502 0.40727342846533626 0.2783964942523326
0.9994347761142779 0.009921062609527383 0.06903406065796137 0.23804848502745302 0.40680203434485973 0.27562913347447643
0.9994150130413506 0.010176335634838928 0.07018162506785466 0.23986733499218824 0.40630589396635963 0.27288382338010914
0.9993947009941753 0.010436189755599148 0.07133779024717773 0.24167496287819396 0.4057853261839946 0.2701604319292098
0.9993738286146641 0.010700668537076661 0.07250248886345818 0.24347119571039674 0.40524064789381475 0.26745882760991774
0.9993523843891389 0.010969815449280747 0.07367565240935854 0.24525586305397204 0.40467217403905387 0.26477887943747364
0.9993303566472729 0.011243673861669174 0.07485721121326054 0.2470287970037598 0.4040802176154216 0.26212045695316166
0.9993077335610321 0.011522287037855999 0.0760470944498496 0.24878983217368011 0.4034650896763957 0.2594834302232506
0.999284503143617 0.011805698130319392 0.07724523015069908 0.25053880568614895 0.402827099338514 0.2568676698379356
0.9992606532484042 0.01209395017510945 0.07845154521485473 0.25227555716149364 0.40216655378666677 0.25427304691027963
0.9992361715678878 0.01238708608655601 0.07966596541941905 0.2539999287073685 0.4014837582793889 0.25169943307515535
0.999211045632621 0.01268514865197646 0.08088841543013561 0.2557117649081706 0.40077901615415207 0.24914670048818624
0.9991852628101576 0.012988180526383564 0.0821188188119735 0.2574109128144554 0.40005262883265674 0.2466147218246884
0.9991588103039939 0.013296224227193265 0.08335709803971161 0.259097221932352 0.39930489582612483 0.24410337027861215
0.9991316751525098 0.013609322128932509 0.08460317450852312 0.26077054421297946 0.39853611474059125 0.24161251956148347
0.9991038442279108 0.013927516457947056 0.08585696854455971 0.26243073404186174 0.3977465812821967 0.23914204390134558
0.9990753042351691 0.014250849287109296 0.08711839941553606 0.26407764822834373 0.3969365892624794 0.23669181804170067
0.9990460417109656 0.014579362530526057 0.08838738534131421 0.2657111459950067 0.3961064306036674 0.23426171724045117
0.9990160430226311 0.014913097938246432 0.08966384350448786 0.2673310889670842 0.3952563953439711 0.23185161726884157
0.9989852943670884 0.015252097090969585 0.09094769006096678 0.26893734116187723 0.39438677164287483 0.22946139441039992
0.998953781769793 0.015596401394752568 0.0922388401505612 0.2705297689781704 0.3934978457864296 0.22709092545987924
0.9989214910836755 0.01594605207571814 0.09353720790756614 0.27210824118564697 0.39258990219254486 0.22474008772219936
0.9988884079880828 0.016301090174762566 0.09484270647134584 0.27367262891430516 0.391663223416281 0.22240875901138815
0.9988545179877194 0.016661556542263457 0.09615524799691802 0.27522280564387314 0.39071809015514136 0.2200968176495234
0.9988198064115896 0.017027491832787567 0.0974747436655384 0.2767586471932251 0.38975478125436436 0.2178041424656742
0.9987842584119387 0.01739893649979861 0.09880110369528496 0.2782800317097967 0.388773573712216 0.21553061279484254
0.9987478589631944 0.017775930790365078 0.10013423735164233 0.2797868396590006 0.38777474268528156 0.21327610847690484
0.9987105928609086 0.018158514739868053 0.10147405295808617 0.2812789538136424 0.38675856149375826 0.21104050985555364
0.9986724447206987 0.018546728166709027 0.10282045790666759 0.28275625924333586 0.38572530162674723 0.208823697777239
0.9986333989771898 0.018940610667017715 0.10417335866859743 0.284218643303919 0.38467523274754556 0.20662555359011017
0.9985934398829557 0.01934020160935986 0.10553266080483069 0.2856659956268693 0.38360862269893875 0.20444595914295713
0.9985525515074601 0.019745540129445065 0.10689826897665086 0.28709820810871944 0.3825257375084927 0.20228479678415207
0.9985107177359995 0.02015666512483459 0.10827008695625437 0.2885151749004733 0.3814268413938461 0.20014194936059113
0.9984679222686431 0.020573615249649187 0.10964801763733487 0.289916792397021 0.38031219676800226 0.19801730021663583
0.9984241486191758 0.02099642890927689 0.11103196304566762 0.2913029592265549 0.3791820642446218 0.19591073319305458
0.9983793801140387 0.021425144255080852 0.1124218243496939 0.29267357623998524 0.3780367026433143 0.19382213262596446
0.9983335998912715 0.02185979917910715 0.11381750187110538 0.29402854650035554 0.3768763689949309 0.19175138334577252
0.9982867908994533 0.022300431308792595 0.1152188950954284 0.29536777527225844 0.37570131854685623 0.18969837067611758
0.9982389358966447 0.022747078001672562 0.11662590268260849 0.2966911700112513 0.37451180476830076 0.1876629804328116
0.9981900174493292 0.023199776340088785 0.11803842247759459 0.2979986403532716 0.37330807935559296 0.18564509892278136
0.998140017931355 0.023658563125897192 0.11945635152092353 0.299290098104053 0.37209039223747126 0.18364461294301002
0.9980889195228757 0.0241234748751757 0.12087958605930434 0.3005654572285405 0.3708589915803766 0.1816614097794786
0.998036704209293 0.02459454781293205 0.12230802155620263 0.3018246338403065 0.3696141237937443 0.1796953772061076
0.9979833537801978 0.0250718178678116 0.123741552702425 0.30306754619096604 0.3683560335352965 0.17774640348369863
0.9979288498283112 0.025555320666805163 0.12518007342670337 0.3042941146595928 0.36708496371633415 0.1758143773588758
0.9978731737484271 0.0260450915299568 0.12662347690627934 0.3055042617421343 0.3658011555070292 0.17389918806302748
0.997816306736353 0.026541165465071653 0.1280716555774886 0.30669791204082797 0.36450484834171704 0.17200072531124772
0.9977582297878517 0.027043577162423744 0.12952450114634528 0.3078749922536166 0.3631962799241883 0.17011887930127784
0.9976989236975833 0.0275523609894638 0.13098190459912634 0.30903543116356375 0.36187568623298133 0.16825354071244802
0.9976383690580459 0.028067550985527073 0.13244375621295587 0.31017915962826975 0.36054330152667435 0.16640460070461893
0.9975765462585183 0.028589180856541135 0.13390994556638958 0.3113061105692871 0.35919935834917743 0.16457195091712312
0.9975134354840006 0.029117283969733714 0.13538036154999902 0.3124162189615362 0.3578440875350249 0.16275548346770677
0.9974490167141561 0.029651893348340494 0.13685489237695614 0.31350942182272096 0.35647771821466745 0.16095509095147106
0.9973832697222529 0.03019304166631294 0.13833342559361744 0.3145856582027442 0.35510047781976434 0.15917066643981395
0.9973161740741056 0.030740761243026098 0.13981584809010855 0.31564486917312384 0.35371259208847544 0.15740210347937159
0.9972477091270163 0.031295084037986434 0.14130204611090844 0.31668699781640786 0.35231428507075374 0.15564929609095987
0.9971778540287173 0.03185604164553963 0.1427919052654339 0.31771198921559046 0.3509057791336372 0.15391213876851612
0.9971065877163112 0.03242366528957839 0.14428531053862384 0.31871979044352733 0.3494872949665411 0.15219052647804054
0.9970338889152135 0.032997985818250294 0.1457821463015237 0.3197103505523515 0.34805905158655015 0.15048435465653784
0.9969597361380937 0.03357903369866557 0.1472822963218698 0.3206836205628889 0.34662126634371077 0.14879351921095876
0.9968841076838175 0.03416683901160493 0.14878564377467368 0.32163955345407397 0.3451741549263233 0.14711791651714168
0.9968069816363873 0.03476143144622737 0.15029207125280658 0.3225781041523653 0.3437179313662339 0.14545744341875408
0.9967283358638844 0.035362840294778014 0.1518014607775837 0.32349922952116134 0.3422528080441272 0.14381199722623422
0.9966481480174111 0.035971094447295904 0.15331369380934856 0.3244028883502158 0.34077899569481807 0.1421814757157327
0.9965663955300308 0.036586222386321816 0.15482865125805756 0.3252890413450536 0.339296703412544 0.14056577712805393
0.9964830556157112 0.03720825218160609 0.15634621349386404 0.3261576511163862 0.33780613865625714 0.13896480016759774
0.9963981052682647 0.03783721148481641 0.1578662603577029 0.32700868216952744 0.33630750725491687 0.13737844400130095
0.9963115212602902 0.03847312752424568 0.15938867117187494 0.3278421008938091 0.3348010134127815 0.13580660825757898
0.9962232801421154 0.039116027099519765 0.16091332475063108 0.3286578755519965 0.3332868597147007 0.13424919302526728
0.9961333582407371 0.03976593657630538 0.1624400994107569 0.32945597626970413 0.33176524713140765 0.13270609885256307
0.9960417316587641 0.04042288188101784 0.1639688729821569 0.3302363750248113 0.3302363750248113 0.1311772267459667
0.9959483762733575 0.04108688849552892 0.16549952281843894 0.3309990456368779 0.32870044115328845 0.12966247816922344
0.9958532677351735 0.041757981451874635 0.16703192580749854 0.3317439637565596 0.3271576416769758 0.12816175504226485
0.9957563814673037 0.04243618532696309 0.16856595838210336 0.3324711068550242 0.3256081711630627 0.12667495974015042
0.9956576926642178 0.04312152423728226 0.1701014965304775 0.33318045421336645 0.3240522225910824 0.12520199509200913
0.9955571762907043 0.04381402183360784 0.17163841580688574 0.3338719869120243 0.32248998735820533 0.12374276437998104
0.9954548070808127 0.04451370129571102 0.17317659134221822 0.3345456878201943 0.32092165528453026 0.12229717133815883
0.9953505595367946 0.045220585327066354 0.17471589785457453 0.33520154158524706 0.3193474146183773 0.12086512015152934
0.9952444079280456 0.0459346961495595 0.17625620965984823 0.3358395346221432 0.31776745204157947 0.11944651545491515
0.9951363262900467 0.04665605549819512 0.17779740068231112 0.33645965510284886 0.3161819526747754 0.11804126233191614
0.9950262884233056 0.04738468461580462 0.17933934446519775 0.3370618929457511 0.314591100082701 0.1166492663138511
0.994914267892299 0.048120604247754 0.1808819141812896 0.3376462398050739 0.31299507627948225 0.11527043337869919
0.9948002380244133 0.04886383463665169 0.18242498264349966 0.3382126890602936 0.3113940617339267 0.11390466995004161
0.9946841719088868 0.04961439551705632 0.18396842231545663 0.3387612358055545 0.30978823537481626 0.11255188289600312
0.994566042395751 0.050372306110184555 0.18551210532208937 0.3392918768390845 0.308177774596199 0.11121197952819356
0.9944458220947721 0.051137585118618906 0.18705590346021125 0.33980461065261086 0.3065628552626815 0.10988486760064949
0.9943234833743926 0.051910250721015565 0.18859968820910458 0.3402994374207757 0.30494365171472104 0.10857045530877568
0.994198998360673 0.05269032056681219 0.19014333074110487 0.3407763589905516 0.3033203367739177 0.10726865128828676
0.9940723389362336 0.053477811770935746 0.19168670193218526 0.3412353788706574 0.30169308174830656 0.10597936461414871
0.9939434767391953 0.05427274090851029 0.19322967237254093 0.3416765022209737 0.30006205643764994 0.10470250479952041
0.9938123831621215 0.0550751240095648 0.1947721123771734 0.3420997358419584 0.29842742913872966 0.10343798179469528
0.9936790293509603 0.055884976553741035 0.19631389199647492 0.3425050881640626 0.296789366650639 0.10218570598604279
0.9935433862039853 0.05670231346500125 0.19785488102681287 0.342892569237146 0.2951480342800751 0.10094558819495004
0.9934054243707371 0.0575271491063361 0.19939494902111413 0.34326219071989267 0.2935035958466309 0.0997175396767633
0.9932651142509655 0.05835949727447243 0.20093396529944935 0.34361396586922643 0.29185621368808773 0.09850147211972961
0.9931224259935707 0.059199371194581046 0.20247179895961753 0.34394790952972687 0.29020604866570704 0.09729729764393828
0.9929773294955448 0.06004678351498461 0.20400831888773013 0.3442640381230446 0.2885532601695229 0.09610492880026257
0.9928297944009133 0.060901746301865387 0.20554339376879568 0.34456236963731723 0.286898006123634 0.09492427856930112
0.9926797900996772 0.061764271033973084 0.20707689209730396 0.3448429236165847 0.285240442991496 0.09375526036031957
0.9925272857267539 0.06263436859733268 0.20860868218781048 0.345105721150205 0.2835807257812135 0.09259778801019218
0.9923722501609189 0.0635120492799522 0.21013863218552087 0.34535078486226994 0.2819190080508326 0.09145177578234326
0.9922146520237478 0.06439732276653058 0.21166661007687512 0.3455781389010206 0.28025544191363255 0.09031713836568887
0.9920544596785574 0.06529019813316546 0.21319248370013213 0.34578780892826305 0.27859017804341846 0.08919379087357832
0.9918916412293475 0.06619068384206098 0.2147161207559539 0.345979822108784 0.276923365679813 0.0880816488427357
0.9917261645197424 0.0670987877362356 0.21623738881798998 0.34615420709976624 0.27525515263354905 0.0869806282322015
0.9915579971319323 0.06801451703422993 0.21775615534346196 0.3463109940402046 0.27358568529176164 0.08589064542227416
0.9913871063856151 0.0689378783248146 0.21927228768374762 0.34645021454032127 0.27191510862328 0.08481161721345162
0.9912134593369379 0.06986887756169792 0.22078565309496542 0.34657190167098156 0.27024356618392015 0.08374346082537289
0.9910370227774388 0.07080752005823386 0.2222961187485589 0.3466760899531097 0.2685712001217767 0.0826860938957596
0.9908577632329876 0.07175381048212977 0.22380355174188096 0.34676281534710407 0.26689815118251514 0.08163943447935758
0.9906756469627284 0.07270775285015421 0.22530781910877828 0.3468321152422532 0.2652245587146642 0.08060340104687842
0.9904906399580206 0.0736693505228448 0.22680878783017575 0.3468840284461511 0.2635505606749078 0.07957791248394103
0.9903027079413806 0.074638606199216 0.2283063248446607 0.34691859517411333 0.2618762936333774 0.07856288809001322
0.9901118163654236 0.0756155219114669 0.2298002970590674 0.34693585703859203 0.260201892778944 0.0775582475773532
0.9899179304118044 0.07660009901968913 0.23129057135906136 0.34693585703859203 0.2585274919245107 0.07656391106995124
0.98972101499016 0.07759233820657457 0.2327770146197237 0.3469186395490863 0.2568532235123043 0.07557979910247115
0.9895210347370502 0.07859223947212321 0.23425949371613558 0.3468842503104315 0.25517921861916804 0.07460583261919188
0.9893179540149001 0.07959980212835098 0.23573787553396253 0.34683273641778395 0.25350560696185354 0.07364193297294909
0.9891117369109406 0.08061502479399754 0.23721202698003876 0.34676414631051466 0.25183251690231295 0.07268802192407668
0.988902347236151 0.08163790538923411 0.23868181499295166 0.3466785297616256 0.2501600754529912 0.07174402163934841
0.9886897485241999 0.08266844113037128 0.24014710655362606 0.3465759378671649 0.2484884082821182 0.0708098546909194
0.9884739040303869 0.08370662852456678 0.2416077686959087 0.3464564230356426 0.24681763971900106 0.06988544405526771
0.9882547767305844 0.08475246336453342 0.24306366851715241 0.3463200389774465 0.24514789275931606 0.06897071311213594
0.9880323293201787 0.08580594072324672 0.24451467318880082 0.34616684069425735 0.24347928907040114 0.06806558564347273
0.9878065242130123 0.08686705494865292 0.2459606499669723 0.34599688446846477 0.24181194899654787 0.06716998583237441
0.9875773235403246 0.08793579965837664 0.24740146620304473 0.345810227852583 0.24014599156429373 0.06628383826202647
0.987344689149694 0.0890121677344288 0.24883698935423962 0.34560692965866613 0.23848153448771425 0.06540706791464516
0.9871085826039793 0.09009615131791435 0.2502670869942065 0.3453870499477241 0.23681869417371523 0.0645396001704191
0.9868689651802615 0.09118774180374013 0.25169162682360746 0.34515065001913814 0.2351575857273249 0.06368136080645076
0.9866257978687848 0.09228692983532273 0.2531104766807013 0.3448977924000765 0.2334983229569861 0.06283227599569809
0.9863790413718989 0.0933937052992962 0.2545235045519281 0.34462854083491 0.23184101837984855 0.06199227230591602
0.9861286561029999 0.09450805732021997 0.25593057858249346 0.3443429602746276 0.23018578322706082 0.06116127669859811
0.9858746021854725 0.09562997425528653 0.2573315670869529 0.3440411168662522 0.22853272744906283 0.06033921652791803
0.9856168394516308 0.09675944368902945 0.25872633855979615 0.34372307794225626 0.22688195972087777 0.059526019539671154
0.9853553274416604 0.09789645242803097 0.26011476168603176 0.3433889120099772 0.22523358744740438 0.05872161387021614
0.9850900254025601 0.09904098649562998 0.2614967053517712 0.3430386887410332 0.22358771676870914 0.057925928045416464
0.9848208922870828 0.10019303112662974 0.2628720386548135 0.34267247896073905 0.22194445256531853 0.057138890979582004
0.9845478867526778 0.10135257076200575 0.26424063091522926 0.3422903546375212 0.22030389846351098 0.05636043197441058
0.9842709671604319 0.10251958904361355 0.2656023516859454 0.341892388872334 0.21866615684060936 0.05559048071792957
0.9839900915740111 0.10369406880889649 0.2669570707633293 0.3414786558880749 0.21703132883027296 0.05482896728343738
0.983705217758602 0.10487599208559364 0.26830465819777316 0.34104923101900037 0.2153995143277897 0.05407582212844511
0.9834163031798537 0.10606534008644751 0.2696449843042785 0.3406041907001413 0.2137708119953684 0.05333097609361804
0.9831233050028194 0.1072620932039119 0.2709779196730406 0.3401436124567188 0.21214531926743088 0.05259436040171724
0.9828261800908972 0.10846623100485973 0.27230333518003247 0.3396675748935597 0.2105231323559042 0.0518659066565411
0.9825248850047726 0.10967773222529087 0.27362110199758977 0.3391761576845123 0.20890434625551277 0.051145546841866917
0.9822193760013596 0.11089657476503986 0.2749310916049946 0.3386694415618619 0.20728905474907067 0.050433213320392446
0.981909609032742 0.11212273568248385 0.27623317579906054 0.3381475083057465 0.20567735041277369 0.04972883883267747
0.9815955397451162 0.11335619118925035 0.27752722670471636 0.3376104407335725 0.20406932462149158 0.049032356496085346
0.9812771234777306 0.11459691664492501 0.27881311678559073 0.3370583226894299 0.2024650675540603 0.0483436998037246
0.9809543152618294 0.11584488655175953 0.2800907188545967 0.33649123903350864 0.20086466819857404 0.04766280262339045
0.9806270698195928 0.1171000745493794 0.2813599060845157 0.3359092756315136 0.19926821435767758 0.0469895991965064
0.980295341563079 0.11836245340949174 0.2826205520185823 0.3353125193440807 0.19767579265385837 0.0463240241370658
0.9799590845931656 0.11963199503059307 0.2838725305810683 0.33470105801619204 0.19608748853473879 0.04566601243057339
0.9796182526984916 0.12090867043267725 0.2851157160878673 0.334074980466592 0.19450338627836816 0.045015499432986876
0.9792727993543981 0.12219244975194313 0.28634998325707883 0.33343437647720253 0.19292356899851518 0.044372420869658494
0.9789226777218711 0.12348330223550248 0.287575207219593 0.33277933678253907 0.19134811864996 0.04373671283427657
0.9785678406464817 0.12478119623608777 0.2887912635296747 0.33210995305912594 0.18977711603378625 0.04310831178780707
0.9782082406573288 0.12608609920676 0.289998028175548 0.331426317914912 0.18821064080267355 0.042487154557435215
0.9778438299659797 0.12739797769561648 0.2911953775899805 0.3307285248786864 0.18664877146618938 0.04187317833550696
0.9774745604654127 0.12871679734049862 0.2923831886608677 0.3300166683894943 0.1850915853960815 0.04126632067847063
0.9771003837289578 0.13004252286369988 0.29356133874181756 0.32929084378605195 0.18353915883156993 0.04066651950581844
0.9767212510092386 0.13137511806667346 0.29472970566273454 0.3285511472961631 0.18199156688463936 0.04007371309902808
0.9763371132371138 0.13271454582474013 0.2958881677404042 0.3277976760261341 0.18044888354533112 0.03948784010050428
0.975947921020619 0.13406076808179604 0.2970366037890775 0.32703052795018955 0.17891118168703551 0.038908839512520346
0.9755536246439078 0.1354137458450206 0.29817489313105516 0.3262498018998883 0.17737853307178392 0.038336650696159755
0.9751541740661939 0.13677343917958432 0.2993029156072722 0.32545559755353864 0.17585100835554104 0.03777121337025769
0.9747495189206922 0.1381398072033564 0.30042055158788183 0.3246480154256142 0.17432867709349703 0.03721246761034264
0.9743396085135605 0.1395128080816128 0.3015276819828405 0.3238271568561696 0.17281160774535972 0.03666035384757791
0.9739243918228414 0.14089239902174394 0.3026241882524918 0.32299312400025565 0.17129986768064678 0.03611481286770324
0.9735038174974033 0.14227853626796255 0.30370995241815085 0.3221460198173357 0.16979352318397792 0.03557578580997632
0.9730778338558825 0.1436711750960115 0.3047848570726889 0.3212859480607007 0.16829263946036704 0.0350432141661144
0.9726463888856243 0.14507026980787144 0.3058487853911175 0.320413013266885 0.1667972806405145 0.03451703977923581
0.9722094302416247 0.14647577372646892 0.306901621141173 0.319527320745082 0.1653075097860992 0.03399720484280153
0.9717669052454722 0.14788763919038395 0.3079432486939008 0.3186289765665598 0.16382338889507084 0.0334836518995568
0.9713187608842891 0.14930581754855796 0.3089735530342398 0.31771808755407677 0.16234497890694205 0.0329763238404726
0.9708649438096735 0.1507302591550015 0.3099924197716068 0.31679476127129724 0.16087233970808062 0.03247516390368731
0.9704054003366399 0.15216091336350213 0.31099973515048085 0.3158591060122071 0.1594055301370017 0.03198011567344817
0.969940076442562 0.15359772852233228 0.3119953860609874 0.3149112307905294 0.15794460798965992 0.03149112307905294
0.9694689177661131 0.15504065196895694 0.3129792600494832 0.31395124532914 0.1564896300247416 0.03100813039379139
0.9689918696062086 0.1564896300247416 0.31395124532914 0.3129792600494832 0.15504065196895694 0.030531082233886907
0.9685088769209471 0.15794460798965992 0.3149112307905294 0.3119953860609874 0.15359772852233228 0.030059923557438036
0.9680198843265518 0.1594055301370017 0.3158591060122071 0.31099973515048085 0.15216091336350213 0.029594599663360047
0.9675248360963127 0.16087233970808062 0.31679476127129724 0.3099924197716068 0.1507302591550015 0.029135056190326507
0.9670236761595274 0.16234497890694205 0.31771808755407677 0.3089735530342398 0.14930581754855796 0.028681239115710827
0.9665163481004432 0.16382338889507084 0.3186289765665598 0.3079432486939008 0.14788763919038395 0.028233094754527847
0.9660027951571984 0.1653075097860992 0.319527320745082 0.306901621141173 0.14647577372646892 0.027790569758375374
0.9654829602207642 0.1667972806405145 0.320413013266885 0.3058487853911175 0.14507026980787144 0.02735361111437576
0.9649567858338856 0.16829263946036704 0.3212859480607007 0.3047848570726889 0.1436711750960115 0.026922166144117465
0.9644242141900237 0.16979352318397792 0.3221460198173357 0.30370995241815085 0.14227853626796255 0.02649618250259662
0.9638851871322968 0.17129986768064678 0.32299312400025565 0.3026241882524918 0.14089239902174394 0.02607560817715858
0.9633396461524221 0.17281160774535972 0.3238271568561696 0.3015276819828405 0.1395128080816128 0.025660391486439494
0.9627875323896573 0.17432867709349703 0.3246480154256142 0.30042055158788183 0.1381398072033564 0.02525048107930787
0.9622287866297423 0.17585100835554104 0.32545559755353864 0.2993029156072722 0.13677343917958432 0.024845825933806142
0.9616633493038402 0.17737853307178392 0.3262498018998883 0.29817489313105516 0.1354137458450206 0.024446375356092218
0.9610911604874797 0.17891118168703551 0.32703052795018955 0.2970366037890775 0.13406076808179604 0.024052078979381053
0.9605121598994957 0.18044888354533112 0.3277976760261341 0.2958881677404042 0.13271454582474013 0.023662886762886214
0.9599262869009719 0.18199156688463936 0.3285511472961631 0.29472970566273454 0.13137511806667346 0.02327874899076144
0.9593334804941815 0.18353915883156993 0.32929084378605195 0.29356133874181756 0.13004252286369988 0.022899616271042197
0.9587336793215294 0.1850915853960815 0.3300166683894943 0.2923831886608677 0.12871679734049862 0.022525439534587258
0.958126821664493 0.18664877146618938 0.3307285248786864 0.2911953775899805 0.12739797769561648 0.022156170034020255
0.9575128454425648 0.18821064080267355 0.331426317914912 0.289998028175548 0.12608609920676 0.021791759342671236
0.956891688212193 0.18977711603378625 0.33210995305912594 0.2887912635296747 0.12478119623608777 0.021432159353518245
0.9562632871657234 0.19134811864996 0.33277933678253907 0.287575207219593 0.12348330223550248 0.021077322278128873
0.9556275791303415 0.19292356899851518 0.33343437647720253 0.28634998325707883 0.12219244975194313 0.020727200645601813
0.9549845005670131 0.19450338627836816 0.334074980466592 0.2851157160878673 0.12090867043267725 0.02038174730150845
0.9543339875694266 0.19608748853473879 0.33470105801619204 0.2838725305810683 0.11963199503059307 0.020040915406834395
0.9536759758629342 0.19767579265385837 0.3353125193440807 0.2826205520185823 0.11836245340949174 0.01970465843692107
0.9530104008034936 0.19926821435767758 0.3359092756315136 0.2813599060845157 0.1171000745493794 0.019372930180407245
0.9523371973766096 0.20086466819857404 0.33649123903350864 0.2800907188545967 0.11584488655175953 0.019045684738170636
0.9516563001962755 0.2024650675540603 0.3370583226894299 0.27881311678559073 0.11459691664492501 0.01872287652226944
0.9509676435039146 0.20406932462149158 0.3376104407335725 0.27752722670471636 0.11335619118925035 0.018404460254883903
0.9502711611673226 0.20567735041277369 0.3381475083057465 0.27623317579906054 0.11212273568248385 0.0180903909672579
0.9495667866796076 0.20728905474907067 0.3386694415618619 0.2749310916049946 0.11089657476503986 0.017780623998640468
0.9488544531581331 0.20890434625551277 0.3391761576845123 0.27362110199758977 0.10967773222529087 0.017475114995227404
0.9481340933434589 0.2105231323559042 0.3396675748935597 0.27230333518003247 0.10846623100485973 0.017173819909102793
0.9474056395982827 0.21214531926743088 0.3401436124567188 0.2709779196730406 0.1072620932039119 0.0168766949971806
0.946669023906382 0.2137708119953684 0.3406041907001413 0.2696449843042785 0.10606534008644751 0.016583696820146213
0.9459241778715549 0.2153995143277897 0.34104923101900037 0.26830465819777316 0.10487599208559364 0.01629478224139802
0.9451710327165627 0.21703132883027296 0.3414786558880749 0.2669570707633293 0.10369406880889649 0.016009908425988966
0.9444095192820704 0.21866615684060936 0.341892388872334 0.2656023516859454 0.10251958904361355 0.015729032839568106
0.9436395680255895 0.22030389846351098 0.3422903546375212 0.26424063091522926 0.10135257076200575 0.015452113247322189
0.942861109020418 0.22194445256531853 0.34267247896073905 0.2628720386548135 0.10019303112662974 0.015179107712917203
0.9420740719545835 0.22358771676870914 0.3430386887410332 0.2614967053517712 0.09904098649562998 0.014909974597439948
0.9412783861297839 0.22523358744740438 0.3433889120099772 0.26011476168603176 0.09789645242803097 0.014644672558339593
0.9404739804603288 0.22688195972087777 0.34372307794225626 0.25872633855979615 0.09675944368902945 0.014383160548369243
0.9396607834720819 0.22853272744906283 0.3440411168662522 0.2573315670869529 0.09562997425528653 0.0141253978145275
0.938838723301402 0.23018578322706082 0.3443429602746276 0.25593057858249346 0.09450805732021997 0.013871343897000028
0.938007727694084 0.23184101837984855 0.34462854083491 0.2545235045519281 0.0933937052992962 0.01362095862810111
0.9371677240043019 0.2334983229569861 0.3448977924000765 0.2531104766807013 0.09228692983532273 0.01337420213121522
0.9363186391935492 0.2351575857273249 0.34515065001913814 0.25169162682360746 0.09118774180374013 0.013131034819738579
0.935460399829581 0.23681869417371523 0.3453870499477241 0.2502670869942065 0.09009615131791435 0.012891417396020722
0.9345929320853549 0.23848153448771425 0.34560692965866613 0.24883698935423962 0.0890121677344288 0.012655310850306058
0.9337161617379736 0.24014599156429373 0.345810227852583 0.24740146620304473 0.08793579965837664 0.01242267645967543
0.9328300141676256 0.24181194899654787 0.34599688446846477 0.2459606499669723 0.08686705494865292 0.012193475786987693
0.9319344143565272 0.24347928907040114 0.34616684069425735 0.24451467318880082 0.08580594072324672 0.011967670679821253
0.931029286887864 0.24514789275931606 0.3463200389774465 0.24306366851715241 0.08475246336453342 0.011745223269415654
0.9301145559447322 0.24681763971900106 0.3464564230356426 0.2416077686959087 0.08370662852456678 0.011526095969613123
0.9291901453090806 0.2484884082821182 0.3465759378671649 0.24014710655362606 0.08266844113037128 0.011310251475800143
0.9282559783606515 0.2501600754529912 0.3466785297616256 0.23868181499295166 0.08163790538923411 0.011097652763849013
0.9273119780759234 0.25183251690231295 0.34676414631051466 0.23721202698003876 0.08061502479399754 0.01088826308905941
0.9263580670270509 0.25350560696185354 0.34683273641778395 0.23573787553396253 0.07959980212835098 0.01068204598509995
0.9253941673808082 0.25517921861916804 0.3468842503104315 0.23425949371613558 0.07859223947212321 0.01047896526294976
0.9244202008975289 0.2568532235123043 0.3469186395490863 0.2327770146197237 0.07759233820657457 0.010278985009840032
0.9234360889300488 0.2585274919245107 0.34693585703859203 0.23129057135906136 0.07660009901968913 0.010082069588195589
0.9224417524226468 0.260201892778944 0.34693585703859203 0.2298002970590674 0.0756155219114669 0.009888183634576442
0.9214371119099868 0.2618762936333774 0.34691859517411333 0.2283063248446607 0.074638606199216 0.009697292058619368
0.9204220875160589 0.2635505606749078 0.3468840284461511 0.22680878783017575 0.0736693505228448 0.009509360041979458
0.9193965989531215 0.2652245587146642 0.3468321152422532 0.22530781910877828 0.07270775285015421 0.009324353037271686
0.9183605655206424 0.26689815118251514 0.34676281534710407 0.22380355174188096 0.07175381048212977 0.009142236767012474
0.9173139061042404 0.2685712001217767 0.3466760899531097 0.2222961187485589 0.07080752005823386 0.008962977222561248
0.9162565391746271 0.27024356618392015 0.34657190167098156 0.22078565309496542 0.06986887756169792 0.00878654066306201
0.9151883827865483 0.27191510862328 0.34645021454032127 0.21927228768374762 0.0689378783248146 0.008612893614384897
0.9141093545777258 0.27358568529176164 0.3463109940402046 0.21775615534346196 0.06801451703422993 0.008442002868067736
0.9130193717677985 0.27525515263354905 0.34615420709976624 0.21623738881798998 0.0670987877362356 0.008273835480257622
0.9119183511572643 0.276923365679813 0.345979822108784 0.2147161207559539 0.06619068384206098 0.008108358770652468
0.9108062091264217 0.27859017804341846 0.34578780892826305 0.21319248370013213 0.06529019813316546 0.00794554032144258
0.9096828616343111 0.28025544191363255 0.3455781389010206 0.21166661007687512 0.06439732276653058 0.0077853479762522056
0.9085482242176568 0.2819190080508326 0.34535078486226994 0.21013863218552087 0.0635120492799522 0.007627749839081108
0.9074022119898079 0.2835807257812135 0.345105721150205 0.20860868218781048 0.06263436859733268 0.007472714273246126
0.9062447396396804 0.285240442991496 0.3448429236165847 0.20707689209730396 0.061764271033973084 0.007320209900322736
0.9050757214306989 0.286898006123634 0.34456236963731723 0.20554339376879568 0.060901746301865387 0.007170205599086614
0.9038950711997374 0.2885532601695229 0.3442640381230446 0.20400831888773013 0.06004678351498461 0.007022670504455202
0.9027027023560618 0.29020604866570704 0.34394790952972687 0.20247179895961753 0.059199371194581046 0.006877574006429269
0.9014985278802704 0.29185621368808773 0.34361396586922643 0.20093396529944935 0.05835949727447243 0.00673488574903447
0.9002824603232367 0.2935035958466309 0.34326219071989267 0.19939494902111413 0.0575271491063361 0.006594575629262919
0.89905441180505 0.2951480342800751 0.342892569237146 0.19785488102681287 0.05670231346500125 0.006456613796014741
0.8978142940139572 0.296789366650639 0.3425050881640626 0.19631389199647492 0.055884976553741035 0.006320970649039641
0.8965620182053047 0.29842742913872966 0.3420997358419584 0.1947721123771734 0.0550751240095648 0.006187616837878467
0.8952974952004796 0.30006205643764994 0.3416765022209737 0.19322967237254093 0.05427274090851029 0.006056523260804771
0.8940206353858513 0.30169308174830656 0.3412353788706574 0.19168670193218526 0.053477811770935746 0.005927661063766371
0.8927313487117132 0.3033203367739177 0.3407763589905516 0.19014333074110487 0.05269032056681219 0.00580100163932692
0.8914295446912244 0.30494365171472104 0.3402994374207757 0.18859968820910458 0.051910250721015565 0.005676516625607458
0.8901151323993505 0.3065628552626815 0.33980461065261086 0.18705590346021125 0.051137585118618906 0.005554177905227987
0.8887880204718064 0.308177774596199 0.3392918768390845 0.18551210532208937 0.050372306110184555 0.0054339576042490255
0.8874481171039968 0.30978823537481626 0.3387612358055545 0.18396842231545663 0.04961439551705632 0.005315828091113178
0.8860953300499583 0.3113940617339267 0.3382126890602936 0.18242498264349966 0.04886383463665169 0.0051997619755866885
0.8847295666213009 0.31299507627948225 0.3376462398050739 0.1808819141812896 0.048120604247754 0.005085732107701016
0.8833507336861489 0.314591100082701 0.3370618929457511 0.17933934446519775 0.04738468461580462 0.004973711576694385
0.8819587376680839 0.3161819526747754 0.33645965510284886 0.17779740068231112 0.04665605549819512 0.004863673709953359
0.8805534845450849 0.31776745204157947 0.3358395346221432 0.17625620965984823 0.0459346961495595 0.004755592071954396
0.8791348798484706 0.3193474146183773 0.33520154158524706 0.17471589785457453 0.045220585327066354 0.004649440463205414
0.8777028286618411 0.32092165528453026 0.3345456878201943 0.17317659134221822 0.04451370129571102 0.004545192919187355
0.876257235620019 0.32248998735820533 0.3338719869120243 0.17163841580688574 0.04381402183360784 0.004442823709295748
0.8747980049079909 0.3240522225910824 0.33318045421336645 0.1701014965304775 0.04312152423728226 0.004342307335782269
0.8733250402598496 0.3256081711630627 0.3324711068550242 0.16856595838210336 0.04243618532696309 0.004243618532696309
0.8718382449577351 0.3271576416769758 0.3317439637565596 0.16703192580749854 0.041757981451874635 0.00414673226482653
0.8703375218307765 0.32870044115328845 0.3309990456368779 0.16549952281843894 0.04108688849552892 0.004051623726642435
0.8688227732540332 0.3302363750248113 0.3302363750248113 0.1639688729821569 0.04042288188101784 0.0039582683412359276
0.867293901147437 0.33176524713140765 0.32945597626970413 0.1624400994107569 0.03976593657630538 0.0038666417592628736
0.8657508069747327 0.3332868597147007 0.3286578755519965 0.16091332475063108 0.039116027099519765 0.0037767198578846674
0.864193391742421 0.3348010134127815 0.3278421008938091 0.15938867117187494 0.03847312752424568 0.003688478739709792
0.862621555998699 0.33630750725491687 0.32700868216952744 0.1578662603577029 0.03783721148481641 0.0036018947317353837
0.8610351998324023 0.33780613865625714 0.3261576511163862 0.15634621349386404 0.03720825218160609 0.0035169443842887945
0.859434222871946 0.339296703412544 0.3252890413450536 0.15482865125805756 0.036586222386321816 0.0034336044699691546
0.8578185242842673 0.34077899569481807 0.3244028883502158 0.15331369380934856 0.035971094447295904 0.0033518519825889367
0.8561880027737658 0.3422528080441272 0.32349922952116134 0.1518014607775837 0.035362840294778014 0.0032716641361155174
0.8545425565812459 0.3437179313662339 0.3225781041523653 0.15029207125280658 0.03476143144622737 0.0031930183636127403
0.8528820834828583 0.3451741549263233 0.32163955345407397 0.14878564377467368 0.03416683901160493 0.003115892316182481
0.8512064807890413 0.34662126634371077 0.3206836205628889 0.1472822963218698 0.03357903369866557 0.003040263861906207
0.8495156453434621 0.34805905158655015 0.3197103505523515 0.1457821463015237 0.032997985818250294 0.0029661110847865437
0.8478094735219595 0.3494872949665411 0.31871979044352733 0.14428531053862384 0.03242366528957839 0.0028934122836888343
0.8460878612314839 0.3509057791336372 0.31771198921559046 0.1427919052654339 0.03185604164553963 0.002822145971282705
0.8443507039090401 0.35231428507075374 0.31668699781640786 0.14130204611090844 0.031295084037986434 0.002752290872983628
0.8425978965206284 0.35371259208847544 0.31564486917312384 0.13981584809010855 0.030740761243026098 0.0026838259258944834
0.8408293335601861 0.35510047781976434 0.3145856582027442 0.13833342559361744 0.03019304166631294 0.002616730277747121
0.8390449090485289 0.35647771821466745 0.31350942182272096 0.13685489237695614 0.029651893348340494 0.0025509832858439272
0.8372445165322933 0.3578440875350249 0.3124162189615362 0.13538036154999902 0.029117283969733714 0.0024865645159993835
0.8354280490828769 0.35919935834917743 0.3113061105692871 0.13390994556638958 0.028589180856541135 0.002423453741481633
0.8335953992953811 0.36054330152667435 0.31017915962826975 0.13244375621295587 0.028067550985527073 0.00236163094195404
0.831746459287552 0.36187568623298133 0.30903543116356375 0.13098190459912634 0.0275523609894638 0.002301076302416757
0.8298811206987222 0.3631962799241883 0.3078749922536166 0.12952450114634528 0.027043577162423744 0.002241770212148284
0.8279992746887523 0.36450484834171704 0.30669791204082797 0.1280716555774886 0.026541165465071653 0.002183693263647033
0.8261008119369725 0.3658011555070292 0.3055042617421343 0.12662347690627934 0.0260450915299568 0.0021268262515728915
0.8241856226411242 0.36708496371633415 0.3042941146595928 0.12518007342670337 0.025555320666805163 0.0020711501716887846
0.8222535965163014 0.3683560335352965 0.30306754619096604 0.123741552702425 0.0250718178678116 0.0020166462198022376
0.8203046227938924 0.3696141237937443 0.3018246338403065 0.12230802155620263 0.02459454781293205 0.0019632957907069403
0.8183385902205214 0.3708589915803766 0.3005654572285405 0.12087958605930434 0.0241234748751757 0.001911080477124309
0.81635538705699 0.37209039223747126 0.299290098104053 0.11945635152092353 0.023658563125897192 0.0018599820686450493
0.8143549010772186 0.37330807935559296 0.2979986403532716 0.11803842247759459 0.023199776340088785 0.0018099825506707199
0.8123370195671884 0.37451180476830076 0.2966911700112513 0.11662590268260849 0.022747078001672562 0.0017610641033552951
0.8103016293238824 0.37570131854685623 0.29536777527225844 0.1152188950954284 0.022300431308792595 0.0017132091005467272
0.8082486166542275 0.3768763689949309 0.29402854650035554 0.11381750187110538 0.02185979917910715 0.0016664001087285107
0.8061778673740355 0.3780367026433143 0.29267357623998524 0.1124218243496939 0.021425144255080852 0.0016206198859612438
0.8040892668069455 0.3791820642446218 0.2913029592265549 0.11103196304566762 0.02099642890927689 0.001575851380824193
0.8019826997833641 0.38031219676800226 0.289916792397021 0.10964801763733487 0.020573615249649187 0.0015320777313568544
0.7998580506394088 0.3814268413938461 0.2885151749004733 0.10827008695625437 0.02015666512483459 0.0014892822640005176
0.7977152032158479 0.3825257375084927 0.28709820810871944 0.10689826897665086 0.019745540129445065 0.0014474484925398289
0.7955540408570428 0.38360862269893875 0.2856659956268693 0.10553266080483069 0.01934020160935986 0.0014065601170443534
0.7933744464098899 0.38467523274754556 0.284218643303919 0.10417335866859743 0.018940610667017715 0.0013666010228101388
0.791176302222761 0.38572530162674723 0.28275625924333586 0.10282045790666759 0.018546728166709027 0.0013275552793012779
0.7889594901444463 0.38675856149375826 0.2812789538136424 0.10147405295808617 0.018158514739868053 0.001289407139091471
0.7867238915230952 0.38777474268528156 0.2797868396590006 0.10013423735164233 0.017775930790365078 0.0012521410368055903
0.7844693872051575 0.388773573712216 0.2782800317097967 0.09880110369528496 0.01739893649979861 0.0012157415880612416
0.7821958575343257 0.38975478125436436 0.2767586471932251 0.0974747436655384 0.017027491832787567 0.0011801935884103282
0.7799031823504766 0.39071809015514136 0.27522280564387314 0.09615524799691802 0.016661556542263457 0.0011454820122806127
0.7775912409886119 0.391663223416281 0.27367262891430516 0.09484270647134584 0.016301090174762566 0.001111592011917281
0.7752599122778007 0.39258990219254486 0.27210824118564697 0.09353720790756614 0.01594605207571814 0.0010785089163245047
0.7729090745401208 0.3934978457864296 0.2705297689781704 0.0922388401505612 0.015596401394752568 0.0010462182302070045
0.7705386055896001 0.39438677164287483 0.26893734116187723 0.09094769006096678 0.015252097090969585 0.001014705632911613
0.7681483827311584 0.3952563953439711 0.2673310889670842 0.08966384350448786 0.014913097938246432 9.839569773688367E-4
0.7657382827595488 0.3961064306036674 0.2657111459950067 0.08838738534131421 0.014579362530526057 9.539582890344209E-4
0.7633081819582993 0.3969365892624794 0.26407764822834373 0.08711839941553606 0.014250849287109296 9.246957648309112E-4
0.7608579560986544 0.3977465812821967 0.26243073404186174 0.08585696854455971 0.013927516457947056 8.961557720892164E-4
0.7583874804385166 0.39853611474059125 0.26077054421297946 0.08460317450852312 0.013609322128932509 8.683248474901724E-4
0.7558966297213878 0.39930489582612483 0.259097221932352 0.08335709803971161 0.013296224227193265 8.411896960061045E-4
0.7533852781753116 0.40005262883265674 0.2574109128144554 0.0821188188119735 0.012988180526383564 8.147371898423905E-4
0.7508532995118138 0.40077901615415207 0.2557117649081706 0.08088841543013561 0.01268514865197646 7.889543673790237E-4
0.7483005669248446 0.4014837582793889 0.2539999287073685 0.07966596541941905 0.01238708608655601 7.638284321121758E-4
0.7457269530897204 0.40216655378666677 0.25227555716149364 0.07845154521485473 0.01209395017510945 7.393467515957599E-4
0.7431323301620645 0.402827099338514 0.25053880568614895 0.07724523015069908 0.011805698130319392 7.154968563829935E-4
0.7405165697767494 0.4034650896763957 0.24878983217368011 0.0760470944498496 0.011522287037855999 6.922664389679612E-4
0.7378795430468383 0.4040802176154216 0.2470287970037598 0.07485721121326054 0.011243673861669174 6.696433527271782E-4
0.7352211205625263 0.40467217403905387 0.24525586305397204 0.07367565240935854 0.010969815449280747 6.476156108611526E-4
0.7325411723900823 0.40524064789381475 0.24347119571039674 0.07250248886345818 0.010700668537076661 6.261713853359488E-4
0.7298395680707902 0.4057853261839946 0.24167496287819396 0.07133779024717773 0.010436189755599148 6.052990058247505E-4
0.7271161766198908 0.40630589396635963 0.23986733499218824 0.07018162506785466 0.010176335634838928 5.849869586494233E-4
0.7243708665255235 0.40680203434485973 0.23804848502745302 0.06903406065796137 0.009921062609527383 5.652238857220779E-4
0.7216035057476674 0.40727342846533626 0.23621858850989502 0.06789516316452072 0.009670327024428748 5.459985834866332E-4
0.7188139617170829 0.40771975551022976 0.23437782352683867 0.06676499753852178 0.009424085139632297 5.273000018603786E-4
0.7160021013342537 0.40814069269328807 0.23252637073761032 0.06564362752433532 0.009182293135844524 5.09117243175538E-4
0.713167790968328 0.4085359152542737 0.23066441338412272 0.06453111564912957 0.008944907119681326 4.914395611208317E-4
0.7103108964560605 0.40890509645367207 0.2287921373014594 0.06342752321228577 0.0087118831289602 4.7425635968304045E-4
0.707431283100753 0.40924790756739915 0.22690973092845895 0.06233291027481382 0.008483177137992414 4.575571920885672E-4
0.7045288156711969 0.40956401788150926 0.22501738531829954 0.06124733564876792 0.008258745062875203 4.4133175974500095E-4
0.7016033584006147 0.40985309468690273 0.22311529414908315 0.06017085688666219 0.008038542766783946 4.2556991118267954E-4
0.698654774985601 0.41011480327403416 0.22120365373442 0.05910353027088628 0.007822526065264361 4.102616409962522E-4
0.6956829285850645 0.41034880692761966 0.21928266303401286 0.058045410803121054 0.0076106507315246786 3.953970887862431E-4
0.6926876818191695 0.4105547669213453 0.21735252366424163 0.056996552193754164 0.007402872501727835 3.8096653810061376E-4
0.6896688967682773 0.41073234251257423 0.21541343990874734 0.0559570068512957 0.007199147080283657 3.669604153763265E-4
0.6866264349718878 0.4108811909370551 0.21346561872901693 0.05492682587179383 0.0069994301451410425 3.5336928888090696E-4
0.6835601574275814 0.41100096740362957 0.21150926977496728 0.053906059028250415 0.0068036773530801495 3.401838676540075E-4
0.6804699245899601 0.41109132508894014 0.2095446053955298 0.05289475476003665 0.006611844345004581 3.273950004489696E-4
0.6773555963695894 0.411151915132138 0.20757184064923473 0.05189296016230868 0.00642388675123357 3.149936746743874E-4
0.6742170321319395 0.41118238662959095 0.20559119331479547 0.05090072097542325 0.006239760196794163 3.029710153356703E-4
0.6710540906963273 0.41118238662959095 0.203602883901693 0.049918081574353304 0.006059420306713407 2.913182839766061E-4
0.6678666303348575 0.4111515601270622 0.20160713566076024 0.048945084958103645 0.005882822711310534 2.800268776209237E-4
0.6646545087713649 0.4110895500582689 0.19960417459476643 0.047981772739126544 0.005709923051489147 2.6908832771385633E-4
0.6614175831803548 0.41099599729552294 0.19759422946900143 0.047028185132737384 0.005540676984029404 2.5849429906370453E-4
0.658155710185946 0.4108705406418919 0.19557753182186022 0.04608436094653028 0.005375040186880205 2.482365887833988E-4
0.6548687458608109 0.4107128168259065 0.1935543159754272 0.045150337569793725 0.005212968364451375 2.3830712523206283E-4
0.651556545725118 0.41052246049626895 0.19152481904606047 0.044226150962926175 0.005054417252905849 2.2869796695657642E-4
0.6482189647454736 0.41029910421656046 0.18948928095497639 0.043311835646851746 0.004899342625451861 2.1940130163313837E-4
0.6448558573338624 0.4100423784599489 0.18744794443883378 0.04240742469243578 0.004747700297635125 2.1040944500882943E-4
0.6414670773465901 0.409751911603897 0.18540105506031843 0.04151294970990052 0.0045994461326310234 2.017148398431753E-4
0.6380524780832243 0.40942732992486985 0.1833488612187273 0.04062844083824071 0.004454536046536788 1.9331005484970969E-4
0.6346119122855363 0.4090682575930428 0.18129161416055306 0.03975392673463923 0.004312926013663691 1.85187783637537E-4
0.6311452321364428 0.40867431666700943 0.17922956799006842 0.03888943456388277 0.004174572071829224 1.773408436528956E-4
0.6276522892589469 0.40824512708848915 0.1771629796799104 0.03803498998777737 0.004039430327649289 1.6976217512072058E-4
0.6241329347150806 0.40778030667703513 0.1750921090816648 0.03719061715456414 0.0039074569618303785 1.6244483998620676E-4
0.6205870190048456 0.40727947112474205 0.17301721893645056 0.03635633868833483 0.0037786082344617657 1.5538202085637167E-4
0.6170143920651548 0.40674223399095394 0.1709385748855041 0.035532175678447485 0.003652840490307685 1.4856701994161854E-4
0.6134149032687748 0.4061682066969721 0.1688564454807637 0.034718147668942066 0.00353011016409952 1.4199325799729912E-4
0.6097884014232661 0.4055569985207628 0.16677110219545388 0.0339142726479561 0.003410373785827988 1.3565427326527686E-4
0.6061347347699259 0.40490821659166504 0.16468281943466972 0.03312056703714028 0.003293587986035325 1.295437204154896E-4
0.6024537509827289 0.40422146588509844 0.16259187454596138 0.0323370456810741 0.003179709501107472 1.236553694875128E-4
0.5987452971672693 0.4034963492172711 0.16049854782991826 0.03156372183668151 0.003068695178566258 1.1798310483212231E-4
0.5950092198597019 0.4027324672398875 0.1584031225507535 0.030800607162646515 0.0029605019823615874 1.1252092405285738E-4
0.5912453650256844 0.40192941843485586 0.1563058849468884 0.030047711708828823 0.0028550869981636244 1.0726293694758368E-4
0.5874535780593177 0.40108679910899664 0.1542071242415366 0.029305043905679465 0.0027524074386549775 1.0220336445005615E-4
0.5836337037820891 0.40020420338874974 0.15210713265328865 0.02857261055365643 0.0026524206488228856 9.733653757148204E-5
0.5797855864418128 0.3992812232148827 0.15000620540669626 0.027850416812640298 0.0025550841112514035 9.265689634208386E-5
0.5759090697115712 0.39831744833719834 0.14790464074285672 0.02713846619134986 0.002460355451413586 8.815898875266232E-5
0.5720039966886574 0.3973124663092426 0.1458027399299973 0.02643676053675775 0.0023681924429636743 8.383746969615926E-5
0.5680702098935164 0.39626586248301243 0.14370080727405946 0.02574530002350608 0.002278553013029279 7.968709990922069E-5
0.5641075512686864 0.3951772200036635 0.14159915012928345 0.02506408314332207 0.002191395247503569 7.570274491375965E-5
0.5601158621777402 0.39404611980421805 0.13949807890879254 0.024393106694433665 0.002106677396337453 7.187937395851927E-5
0.5560949834042278 0.3928721406002728 0.13739790709517738 0.023732365770985184 0.002024357878831767 6.821205896063563E-5
0.5520447551506167 0.3916548588847067 0.1352989512510805 0.023081853752452933 0.001944395288929459 6.469597344720081E-5
0.5479650170372343 0.3903938489223885 0.13320153102978047 0.022441562293060838 0.0018667484005077733 6.132639149682576E-5
0.5438556081012093 0.38908868274488506 0.13110596918577647 0.021811481311196087 0.0017913761726704367 5.809868668120335E-5
0.5397163667954126 0.38773893014516875 0.1290125915853726 0.021191598978824742 0.0017182377550398439 5.500833100667126E-5
0.5355471309874 0.38634415867232547 0.12692172721726216 0.020581901710907378 0.0016472924930492415 5.205089385577496E-5
0.531347737958353 0.3849039336262624 0.12483370820311214 0.019982374154814714 0.0015784999332349144 4.922204092883067E-5
0.5271180244020204 0.38341781805241587 0.12274886980814752 0.019392999179743235 0.0015118198285283704 4.651753318548832E-5
0.5228578264236603 0.38188537273645895 0.12066755045173568 0.01881375786613083 0.0014472121435485255 4.393322578629453E-5
0.5185669795389809 0.38030615619900965 0.11859009171797075 0.018244629495072422 0.0013846370598938893 4.146506703425551E-5
0.5142453186730831 0.3786797246903384 0.11651683836625798 0.017685591537735586 0.0013240549814347497 3.9109097316400084E-5
0.5098926781594011 0.3770056321850761 0.1144481383418981 0.017136619644776186 0.001265426539605359 3.6861448045342606E-5
0.5055088917386443 0.3752834303769217 0.11238434278667173 0.016597687635754012 0.0012087125986961179 3.4718340600845944E-5
0.5010937925577394 0.37351266867335015 0.11032580604942371 0.01606876748854839 0.0011538742611457622 3.267608527138441E-5
0.4966472131687709 0.37169289419032037 0.1082728856966475 0.015549829328773843 0.0011008728728335465 3.073108019570677E-5
0.49216898552792376 0.36982365174698273 0.10622594252306951 0.015040841419195683 0.0010496700283714301 2.8879810304399136E-5
0.487658940994424 0.36790448386038704 0.10418534056223351 0.014541770149145665 0.0010002275763962628 2.711884626144797E-5
0.4831169103294809 0.3659349307401905 0.10215144709708499 0.014052580023937618 9.525076248619688E-4 2.544484340580303E-5
0.47854272369522854 0.36391453028336523 0.10012463267055552 0.013573233654283055 9.06472546331733E-4 2.3854540692940344E-5
0.473936210653667 0.36184281806890634 0.09810527109614714 0.013103691745706823 8.620849832701858E-4 2.234475963642513E-5
0.46929720016560406 0.35971932735253953 0.09609373946851671 0.012643913087962725 8.193078533355881E-4 2.0912403249474803E-5
0.46462552058959705 0.3575435890614291 0.09409041817406028 0.012193854544449143 7.78104354672017E-4 1.9554454986521894E-5
0.45992099968089395 0.3553151317888855 0.09209569090149747 0.011753471041624677 7.384379712015504E-4 1.8267977684777033E-5
0.4551834645903755 0.3530334817890737 0.09010994465245586 0.011322715558423773 7.002724779164529E-4 1.7050112505791895E-5
0.4504127418634961 0.35069816297172013 0.08813356975205532 0.010901539115672347 6.635719461713603E-4 1.5898077877022172E-5
0.44560865743922606 0.34830869689682137 0.0861669598594924 0.010489890765503421 6.283007489754653E-4 1.4809168433390518E-5
0.4407710366489924 0.3458646027693514 0.08421051197862468 0.010087717580772749 5.944235662847027E-4 1.3780753958849509E-5
0.4358997042156212 0.34336539743396965 0.08226462646855523 0.009694964644474446 5.619053902939342E-4 1.2810278327944614E-5
0.4309944842522788 0.34081059536972885 0.08032970705421685 0.009311575039156625 5.30711530729134E-4 1.1895258447377142E-5
0.4260552002614132 0.33819970868478255 0.0784061608369565 0.00893748983633701 5.008076201395738E-4 1.1033283197567204E-5
0.42108167513369577 0.33553224711109325 0.07649439830511971 0.008572648085918589 4.721596191900083E-4 1.0222012374216675E-5
0.4160737311469631 0.3328077179991402 0.07459483334463488 0.008216986805605219 4.447338219528598E-4 9.459175629872147E-6
0.41103118996515786 0.33002562631262705 0.07270788324959769 0.007870440970317276 4.1849686120040404E-4 8.742571415487893E-6
0.40595387263727134 0.32718547462318964 0.07083396873285548 0.007532943501607273 3.934157136969552E-4 8.070065921988824E-6
0.40084159959628396 0.324286763105104 0.0689735139365916 0.0072044252570754915 3.6945770549105084E-4 7.439592021833447E-6
0.39569419065810774 0.32132898952999417 0.06712694644290974 0.006884815019785615 3.465905172076376E-4 6.849148210576825E-6
0.39051146502052714 0.31831164926153976 0.0652946972844184 0.006574039487680351 3.247821893402559E-4 6.296797548433532E-6
0.38529324126214126 0.31523423525018396 0.0634772009548152 0.006272023262997073 3.0400112754322547E-4 5.78066660184062E-6
0.3800393373413049 0.3120962380278414 0.061674895419471215 0.005978688841683434 2.8421610792383047E-4 5.298944385020568E-6
0.3747495705950703 0.3088971457026058 0.05988822212601541 0.0056939566028130105 2.653962823345047E-4 4.849881301544249E-6
0.36942375773812886 0.30563644395345796 0.058117626014919 0.005417744798000924 2.4751118366501685E-4 4.431788085893883E-6
0.3640617148617523 0.3023136160249734 0.05636355553007979 0.005149969540819473 2.3053073113465548E-4 4.043034745025998E-6
0.35866325743273497 0.29892814272203033 0.054626462629406555 0.004890544796213763 2.1442523558441455E-4 3.682049499934391E-6
0.35322820029233437 0.29547950240451726 0.052906802795403426 0.004639382369917333 1.9916540476917842E-4 3.3473177272130827E-6
0.34775635765521373 0.29196717098204117 0.051205035045754264 0.004396391897867791 1.8472234864990716E-4 3.037380900619279E-6
0.3422475431083828 0.28839062190863485 0.049521621943906996 0.004161480835622437 1.7106758468582166E-4 2.750835532636328E-6
0.33670156961013975 0.28474932617746523 0.04785702960965802 0.003934554447773898 1.5817304312658887E-4 2.486332116036681E-6
0.33111824948901303 0.28104275231554077 0.046211727729736564 0.003715515797365754 1.4601107230450706E-4 2.2425740654448496E-6
0.3254973944427022 0.2772703663784194 0.04458618956838905 0.0035042657353081693 1.3455444392669098E-4 2.0183166589003646E-6
0.3198388155370202 0.2734316319449165 0.04298089197796347 0.0033007028897935214 1.2377635836725707E-4 1.8123659794207356E-6
0.3141423232048344 0.26952601011181254 0.04139631540949375 0.0031047236557120313 1.1365044995950863E-4 1.623577856564409E-6
0.30840772724500864 0.26555295948856095 0.039832943923284146 0.0029162221840673915 1.0415079228812113E-4 1.4508568079937273E-6
0.3026348368213443 0.2615119361919959 0.03829126519949358 0.0027350903713923985 9.525190348132731E-5 1.2931549810378872E-6
0.2968234604615221 0.25740239384104013 0.03677177054872002 0.0025612178491645787 8.692875150310243E-5 1.1494710942558998E-6
0.29097340605604394 0.2532237835514129 0.03527495492258488 0.002394491973221821 7.915675944534946E-5 1.0188493789995476E-6
0.28508448085717386 0.24897555393033746 0.033801316924317336 0.0022347978131780056 7.191181082008434E-5 9.003785209763444E-7
0.27915649147788013 0.2446571510712493 0.03235135881933875 0.0020820181418386326 6.517025485162112E-5 7.931906018124938E-7
0.2731892438907765 0.24026801854850363 0.030925586545847004 0.0019360334246164516 5.890891176875717E-5 6.964600406158482E-7
0.26718254342706393 0.2358075974120834 0.029524509725400886 0.0017967218089470934 5.3105078096958426E-5 6.094025355388672E-7
0.261136194775472 0.23127532618230695 0.028148641673504466 0.0016639591137046974 4.77365319505446E-5 5.312740053415766E-7
0.25505000198120076 0.22667064084453595 0.026798499410191443 0.0015376188186175417 4.2781538324874324E-5 4.61369530954527E-7
0.24892376844486197 0.22199297484388317 0.025474603670609542 0.0014175720536836734 3.821885438853041E-5 3.9902229704175306E-7
0.24275729692142078 0.21724175907992027 0.024177478915604875 0.0013036875885865374 3.402773477550505E-5 3.4360253356373183E-7
0.23655038951913732 0.21241642190138568 0.0229076533423063 0.0011958318221106062 3.018793687738501E-5 2.945164573403416E-7
0.23030284769850828 0.20751638910089237 0.021665658894709807 0.0010938687715570097 2.6679726135536824E-5 2.512052136138207E-7
0.22401447227120852 0.2025410839096356 0.02045203127426288 9.976600621591648E-4 2.348388133329203E-5 2.1314381761172668E-7
0.21768506339903249 0.19748992699210094 0.019267309950448872 9.070649164984047E-4 2.058169988813236E-5 1.798400961098944E-7
0.21131442059283567 0.1923623364407718 0.01811203817137137 8.219401439196084E-4 1.795500314387494E-5 1.508336289953953E-7
0.20490234271147656 0.1871577277708375 0.016986762974338574 7.421401299468308E-4 1.5586141662857514E-5 1.2569469082949608E-7
0.19844862796075802 0.18187551391490092 0.015892035196447656 6.675168256989321E-4 1.3458000518123632E-5 1.0402319241061745E-7
0.1919530738923687 0.17651510521768643 0.014828409485169136 5.97919737305207E-4 1.1554004585607867E-5 8.54476223372929E-8
0.18541547740282482 0.17107590943074763 0.01379644430893126 5.331959153210148E-4 9.858123836321014E-6 6.962398857112755E-8
0.17883563473241137 0.16555733170717513 0.012796701967704356 4.731899441434087E-4 8.354878628535306E-6 5.6234759999756865E-8
0.17221334146412437 0.15995877459630445 0.011829748603585218 4.177439314267653E-4 7.029344999969609E-6 4.498780799980549E-8
0.16554839252261178 0.15427963803842387 0.01089615421138146 3.6669749749841456E-4 5.867159959974633E-6 3.5615347999846015E-8
0.15884058217311503 0.1485193193594821 0.00999649264919591 3.198877647742691E-4 4.854526781718142E-6 2.7872881043357753E-8
0.15208970402041133 0.1426772132657962 0.009131341649010956 2.771493471744539E-4 3.978220294370152E-6 2.1538135351685536E-8
0.14529555100775438 0.1367527118387593 0.008301282827272929 2.3831433953893575E-4 3.2255921752881434E-6 1.6410007886998504E-8
0.13845791541581642 0.13074520452954863 0.007506901695476477 2.0321230704315303E-4 2.584576242202264E-6 1.2307505915248877E-8
0.1315765888616296 0.12465407815383307 0.006748787670748924 1.7167027461364513E-4 2.0436937454005374E-6 9.068688569130751E-9
0.12465136229752782 0.11847871688648111 0.006027534086434651 1.4351271634368217E-4 1.5920586599140653E-6 6.549608411038877E-9
0.1176820260100877 0.11221850225626866 0.00534373820267946 1.1856154490889451E-4 1.2193829777022379E-6 4.623252996027442E-9
0.1106683696190709 0.1058728131405868 0.004698001217014945 9.663610098290235E-5 9.15981999837937E-7 3.1784864347688665E-9
0.10361018207636508 0.09944102576014967 0.004090928274942866 7.755314265294533E-5 6.727796286927434E-7 2.1189909565125777E-9
0.09650725166492591 0.09292251367370225 0.0035231284805195165 6.112683483551212E-5 4.813136601221426E-7 1.3622084720438E-9
0.08935936599771799 0.08631664777272816 0.0029952149069400937 4.716873869196998E-5 3.3374107565073095E-7 8.382821366423384E-10
0.08216631201665736 0.07962279627615748 0.0025078046071230703 3.54878010441944E-5 2.2284333465742163E-7 4.889979130413641E-10
0.07492787599155215 0.07284032472507464 0.0020615186242945653 2.589034379019862E-5 1.4203166656065075E-7 2.667261343861986E-10
0.06764384351904462 0.06596859597742609 0.0016569820025727118 1.8180053319763297E-5 8.535236300358355E-8 1.333630671930993E-10
0.06031399952155281 0.059006970202728236 0.0012948237975520303 1.2157969930066011E-5 4.7492070039320357E-8 5.927247430804413E-11
0.0529381282462118 0.051954804876775215 9.756770868877974E-4 7.622477241310917E-6 2.3783080316102708E-8 2.222717786551655E-11
0.04551601326381538 0.044811454776346696 7.001789808804171E-4 4.369291612358297E-6 1.0208625262519386E-8 6.350622247290442E-12
0.03804743746775763 0.03757627197391572 4.6897063305979055E-4 2.1914515563541616E-6 3.4081672727125373E-9 1.0584370412150737E-12
0.03053218307297445 0.03024860583235649 2.8269725076968686E-4 8.793071563598346E-7 6.826918915837226E-10 0.0
0.02297003161488531 0.022827802999652213 1.4200810575211328E-4 2.205094809815424E-7 0.0 0.0
0.015360763948334522 0.015313207403602884 4.755654473168598E-5 0.0 0.0 0.0
0.007704160246533087 0.007704160246533128 0.0 0.0 0.0 0.0
1 0.0 0.0 0.0 0.0 0.0
