v2.0 raw
40
00
00
00
69
00
00
00
C0
00
00
00
00
B2
41
00
00
00
6A
00
00
00
C0
00
00
00
00
B3
42
00
00
00
6B
00
00
00
C0
00
00
00
00
B4
43
00
00
00
6C
00
00
00
C0
00
00
00
00
B5
44
00
00
00
6D
00
00
00
C0
00
00
00
00
B6
45
00
00
00
6E
00
00
00
C0
00
00
00
00
B7
46
00
00
00
6F
00
00
00
C0
00
00
00
00
B8
47
00
00
00
70
00
00
00
C0
00
00
00
00
B9
48
00
00
00
71
00
00
00
C0
00
00
00
00
BA
