0 1123
0 1139
0 1148
0 1165
0 1157
1 1121
0 1157
0 1176
0 1150
0 1159
0 1155
0 1153
0 1162
0 1160
0 1166
0 1160
0 1152
0 1163
0 1168
0 1166
1 1146
1 1165
1 1132
1 1161
0 1168
1 1147
1 1152
1 1140
1 1155
1 1154
1 1138
1 1127
1 1131
1 1150
1 1124
1 1140
1 1150
1 1152
1 1113
1 1139
1 1135
1 1152
1 1147
1 1136
1 1127
1 1136
1 1138
1 1125
1 1164
1 1126
1 1140
1 1124
1 1155
1 1153
1 1115
1 1127
1 1142
1 1124
1 1165
1 1164
1 1177
1 1140
1 1107
1 1125
1 1139
1 1139
1 1166
1 1154
1 1137
1 1107
1 1164
1 1131
1 1142
1 1142
1 1145
1 1168
1 1134
1 1155
1 1159
1 1112
1 1144
1 1158
1 1148
1 1154
1 1140
1 1122
1 1130
1 1145
1 1161
0 1173
1 1109
1 1166
1 1144
1 1142
1 1132
1 1120
1 1132
1 1145
1 1127
1 1122
1 1125
1 1143
1 1120
0 1164
1 1138
1 1141
1 1131
1 1135
0 1165
1 1122
1 1120
1 1131
1 1133
1 1132
1 1107
0 1149
1 1125
1 1137
1 1153
1 1152
1 1161
1 1135
0 1163
1 1150
1 1135
1 1122
1 1141
1 1118
1 1141
1 1140
1 1160
1 1122
1 1130
0 1152
1 1113
1 1124
1 1121
1 1139
1 1145
1 1135
0 1159
1 1127
1 1149
1 1138
1 1123
0 1152
1 1139
1 1140
1 1148
1 1134
1 1150
1 1149
1 1145
1 1133
1 1135
1 1148
1 1154
1 1149
1 1125
1 1150
1 1149
1 1129
1 1145
1 1134
1 1152
1 1143
1 1118
1 1132
1 1139
1 1129
1 1153
1 1134
1 1141
1 1148
1 1115
1 1144
1 1122
1 1144
1 1138
1 1141
1 1145
1 1135
1 1141
1 1132
1 1138
1 1143
1 1170
0 1162
1 1133
1 1148
1 1125
1 1145
1 1153
1 1137
1 1138
0 1162
1 1167
1 1145
0 1162
1 1144
1 1111
0 1167
1 1154
1 1139
1 1152
1 1154
2 1121
1 1153
2 1155
2 1105
2 1142
1 1156
1 1150
1 1145
1 1140
1 1136
1 1128
1 1135
0 1182
1 1137
1 1125
1 1136
1 1138
1 1127
1 1155
0 1157
1 1115
1 1154
1 1147
1 1136
1 1147
1 1141
1 1138
1 1143
1 1150
1 1156
1 1128
1 1122
1 1154
1 1126
1 1149
1 1157
1 1152
1 1140
1 1129
0 1165
1 1148
1 1115
0 1164
1 1135
1 1111
0 1146
1 1136
1 1134
1 1129
1 1153
1 1156
1 1109
1 1154
1 1134
1 1109
1 1124
1 1114
0 1152
1 1186
1 1167
1 1137
1 1135
1 1136
1 1134
1 1141
1 1139
1 1119
1 1139
1 1126
1 1117
1 1138
1 1113
1 1118
1 1120
1 1159
1 1111
1 1129
1 1127
1 1121
1 1101
1 1151
0 1139
1 1145
1 1141
1 1134
1 1145
1 1128
1 1141
1 1132
1 1140
1 1117
1 1115
1 1147
1 1135
1 1115
1 1122
1 1135
1 1143
1 1137
1 1098
0 1141
0 1154
0 1150
0 1142
1 1164
1 1148
1 1135
1 1126
1 1135
0 1174
1 1135
1 1140
1 1167
1 1133
1 1143
1 1151
1 1135
1 1127
1 1134
1 1144
0 1168
0 1173
1 1133
1 1154
1 1147
1 1151
1 1141
1 1150
1 1154
1 1153
1 1133
1 1133
1 1164
1 1139
1 1150
0 1161
1 1138
1 1151
1 1131
1 1145
0 1162
1 1142
1 1164
1 1142
0 1148
1 1157
1 1139
1 1145
1 1160
1 1131
1 1132
1 1128
1 1136
1 1134
1 1155
1 1133
1 1132
1 1137
1 1150
0 1170
1 1161
1 1141
1 1143
1 1140
1 1154
1 1148
1 1147
1 1134
1 1151
1 1142
1 1117
0 1160
1 1134
1 1135
1 1150
1 1141
1 1128
1 1138
1 1136
1 1154
1 1163
1 1152
1 1151
1 1124
1 1159
2 1137
1 1152
1 1127
1 1153
1 1139
1 1149
1 1142
1 1134
1 1142
1 1129
1 1137
1 1158
1 1150
1 1150
1 1121
1 1147
1 1170
1 1145
1 1135
1 1149
1 1150
1 1121
1 1151
1 1151
1 1128
1 1146
1 1143
1 1128
1 1132
1 1120
1 1174
1 1143
1 1107
1 1149
1 1140
1 1159
1 1146
1 1118
1 1151
1 1155
1 1140
1 1142
1 1122
1 1146
1 1145
1 1157
1 1136
1 1148
1 1133
1 1155
1 1130
1 1140
1 1133
1 1154
1 1162
1 1152
1 1169
1 1135
1 1142
1 1161
1 1125
1 1165
1 1155
1 1151
1 1132
1 1166
1 1122
1 1142
0 1171
1 1120
1 1149
1 1164
1 1139
1 1146
1 1129
1 1145
1 1150
1 1134
1 1137
1 1143
1 1118
1 1149
1 1134
1 1145
1 1167
1 1169
1 1152
1 1137
1 1138
1 1153
1 1163
1 1137
1 1163
1 1153
1 1135
1 1124
1 1149
1 1153
1 1142
1 1145
1 1163
1 1131
1 1129
1 1145
1 1151
1 1152
1 1133
1 1140
1 1146
1 1151
1 1137
1 1151
1 1131
1 1149
1 1139
1 1156
1 1150
1 1146
1 1160
1 1157
1 1110
1 1129
1 1135
1 1123
1 1114
0 1169
1 1152
1 1152
1 1129
1 1143
1 1154
1 1127
1 1162
1 1150
1 1146
1 1165
1 1139
1 1160
1 1141
1 1155
1 1136
1 1137
1 1129
1 1150
1 1172
1 1143
1 1124
1 1149
1 1148
1 1156
2 1137
1 1144
1 1173
1 1151
1 1147
1 1149
1 1173
2 1126
2 1158
1 1169
1 1130
1 1145
1 1160
1 1137
1 1154
1 1118
1 1160
1 1137
1 1154
1 1155
1 1152
1 1129
1 1134
1 1149
1 1128
1 1153
1 1136
1 1141
1 1125
1 1129
1 1119
1 1145
1 1160
1 1131
1 1133
1 1124
1 1138
1 1152
1 1171
1 1132
1 1137
1 1154
1 1128
1 1111
1 1135
1 1133
1 1148
1 1116
1 1147
1 1129
1 1142
1 1153
0 1174
1 1136
1 1146
1 1154
1 1146
1 1149
1 1134
1 1142
1 1143
1 1134
1 1130
1 1144
1 1135
1 1138
1 1117
1 1147
1 1142
1 1140
1 1151
1 1160
1 1153
1 1152
1 1135
1 1144
1 1141
1 1128
1 1147
1 1142
1 1132
1 1131
1 1151
1 1143
1 1182
1 1156
1 1164
1 1140
1 1161
0 1160
1 1127
1 1144
1 1173
1 1161
1 1133
1 1121
1 1129
1 1155
1 1153
1 1137
1 1135
1 1136
1 1162
1 1133
1 1120
1 1122
1 1146
0 1171
0 1170
1 1137
1 1123
1 1136
1 1151
1 1135
1 1126
1 1136
1 1143
1 1144
1 1163
1 1140
1 1144
1 1148
1 1161
1 1121
1 1135
1 1122
1 1148
1 1154
1 1143
1 1129
1 1147
1 1149
1 1159
1 1147
1 1159
1 1133
1 1152
1 1131
1 1180
1 1160
1 1146
1 1148
1 1104
1 1154
1 1147
1 1142
1 1158
1 1148
1 1124
1 1126
1 1134
1 1118
1 1170
1 1142
1 1144
1 1150
1 1150
1 1144
1 1150
1 1156
1 1157
1 1131
1 1140
1 1140
1 1142
1 1142
1 1117
1 1147
1 1158
1 1133
1 1130
1 1139
1 1140
1 1142
1 1111
1 1148
1 1123
1 1123
1 1143
1 1136
1 1141
1 1098
1 1149
0 1150
1 1107
1 1140
1 1136
1 1159
1 1130
1 1137
1 1125
1 1147
0 1172
1 1152
1 1140
1 1133
0 1160
0 1158
1 1126
1 1153
0 1161
1 1154
1 1138
1 1158
1 1153
1 1131
0 1147
1 1157
1 1129
1 1154
1 1144
1 1154
2 1141
1 1151
1 1153
2 1153
1 1155
1 1139
1 1141
1 1137
1 1144
1 1155
1 1142
1 1127
1 1147
1 1123
1 1160
1 1143
1 1143
1 1147
1 1137
1 1110
1 1146
1 1170
1 1134
1 1118
0 1167
1 1166
1 1155
1 1132
1 1150
1 1154
1 1135
1 1108
1 1134
1 1153
1 1145
1 1127
0 1153
0 1143
1 1106
1 1141
1 1147
1 1159
1 1151
1 1142
1 1136
2 1126
1 1135
1 1140
1 1126
1 1135
1 1148
1 1138
1 1148
1 1142
1 1132
1 1148
1 1147
1 1132
1 1101
1 1140
1 1145
1 1161
1 1135
1 1140
1 1148
1 1146
1 1171
1 1145
1 1156
1 1127
1 1125
1 1131
1 1120
1 1122
1 1134
1 1137
1 1103
1 1128
1 1125
1 1149
1 1135
1 1147
0 1162
1 1131
1 1133
1 1107
1 1123
1 1151
1 1142
1 1166
1 1159
1 1171
1 1142
1 1145
1 1133
1 1158
1 1133
1 1126
1 1141
1 1162
1 1136
1 1143
1 1142
1 1133
1 1132
1 1152
1 1161
1 1134
1 1135
1 1156
1 1153
1 1151
1 1141
1 1155
1 1190
1 1162
1 1144
1 1124
1 1109
1 1157
1 1131
1 1145
1 1137
1 1143
1 1150
1 1143
1 1162
1 1122
1 1165
1 1147
1 1142
1 1144
1 1166
1 1144
1 1149
1 1143
1 1141
1 1163
1 1156
1 1138
1 1142
1 1140
1 1141
1 1114
1 1150
1 1155
1 1149
1 1133
1 1166
1 1151
1 1141
1 1174
2 1145
1 1136
1 1143
1 1119
1 1145
2 1141
1 1128
1 1157
1 1154
1 1145
1 1132
1 1153
1 1140
1 1164
1 1151
1 1145
1 1138
1 1126
1 1152
1 1145
1 1162
1 1140
1 1150
1 1151
1 1132
1 1122
1 1137
1 1123
0 1164
1 1127
1 1154
1 1142
1 1149
1 1129
1 1168
1 1149
0 1180
0 1162
1 1106
1 1119
1 1156
2 1149
1 1131
1 1146
2 1115
2 1104
1 1127
1 1155
2 1121
2 1125
1 1130
1 1136
1 1139
1 1133
1 1118
1 1122
1 1151
2 1114
3 1144
1 1144
1 1153
1 1147
1 1136
0 1152
1 1134
1 1116
1 1138
2 1137
1 1132
1 1139
2 1116
1 1157
1 1124
0 1182
1 1128
1 1103
1 1148
2 1125
1 1159
2 1105
1 1150
1 1126
1 1137
1 1152
0 1197
1 1137
1 1135
1 1145
1 1145
2 1150
1 1128
2 1116
1 1130
1 1122
1 1131
2 1106
1 1146
1 1113
2 1157
1 1134
1 1102
1 1140
1 1138
1 1136
2 1130
2 1138
1 1137
1 1110
1 1121
1 1128
1 1147
1 1140
1 1135
2 1099
2 1141
2 1126
1 1121
1 1175
2 1154
1 1155
1 1136
1 1146
1 1136
1 1131
2 1131
1 1113
1 1149
1 1130
1 1136
2 1151
0 1153
1 1134
2 1123
1 1143
1 1115
2 1118
1 1116
1 1145
1 1134
1 1137
1 1140
2 1101
1 1166
2 1140
1 1129
1 1135
2 1137
1 1130
1 1105
1 1138
1 1140
1 1130
1 1142
1 1131
1 1141
1 1135
1 1132
1 1130
1 1119
1 1124
1 1143
1 1147
1 1148
2 1115
2 1118
2 1127
1 1110
2 1136
1 1120
1 1132
1 1149
1 1133
1 1130
1 1117
1 1134
1 1131
1 1124
1 1155
2 1168
1 1131
1 1145
1 1121
1 1136
1 1128
1 1162
1 1140
1 1130
2 1126
1 1139
1 1133
1 1145
1 1117
1 1149
1 1125
1 1144
1 1152
1 1161
1 1133
1 1130
1 1140
1 1135
2 1084
1 1152
2 1116
2 1134
1 1132
2 1117
1 1132
1 1144
1 1138
1 1148
1 1128
1 1134
1 1127
1 1142
1 1116
2 1122
1 1143
1 1129
1 1137
0 1149
1 1128
1 1127
2 1137
1 1123
1 1133
1 1130
1 1132
1 1147
1 1135
1 1141
1 1116
1 1113
1 1150
1 1136
1 1129
2 1132
1 1133
2 1078
1 1136
2 1119
1 1150
1 1142
1 1130
1 1138
1 1153
1 1132
2 1077
2 1113
2 1119
1 1152
1 1146
1 1142
1 1130
2 1126
1 1145
2 1135
1 1121
1 1142
2 1124
1 1145
2 1125
1 1153
1 1132
1 1136
1 1128
1 1170
1 1109
1 1130
1 1138
1 1143
1 1137
1 1143
1 1123
1 1127
2 1149
2 1116
1 1123
1 1139
2 1105
2 1083
1 1146
2 1118
1 1123
1 1142
1 1134
1 1135
1 1153
1 1113
1 1153
1 1143
1 1144
1 1140
2 1087
1 1126
1 1145
1 1140
1 1169
2 1144
1 1118
1 1119
1 1140
2 1087
1 1138
1 1145
1 1139
2 1119
1 1125
1 1175
1 1148
1 1151
2 1120
1 1132
2 1117
1 1142
1 1135
2 1112
1 1113
1 1127
2 1129
1 1137
1 1143
1 1126
2 1094
0 1156
1 1117
2 1112
2 1117
1 1136
1 1131
1 1113
2 1078
1 1145
1 1148
1 1119
1 1121
1 1136
1 1133
1 1136
1 1136
2 1117
1 1142
1 1166
1 1104
1 1117
2 1124
1 1140
1 1141
1 1138
1 1121
1 1131
2 1142
1 1135
2 1105
1 1126
1 1145
1 1127
1 1153
1 1122
1 1134
1 1148
1 1140
1 1152
1 1150
2 1121
1 1119
1 1114
1 1150
2 1122
1 1118
1 1126
1 1131
1 1123
1 1145
1 1139
1 1157
1 1123
2 1125
1 1134
1 1131
1 1136
1 1138
1 1140
1 1124
2 1143
1 1141
2 1143
1 1142
0 1155
1 1133
1 1139
1 1135
1 1116
2 1132
1 1137
1 1155
2 1133
2 1094
1 1148
1 1159
1 1139
1 1124
1 1135
1 1117
1 1136
1 1135
2 1073
1 1130
2 1149
2 1097
1 1147
1 1141
1 1138
2 1114
1 1158
2 1122
1 1125
1 1138
1 1141
1 1131
1 1155
1 1123
1 1136
1 1136
1 1141
1 1135
1 1146
1 1119
1 1117
1 1151
1 1128
1 1121
1 1155
2 1133
1 1138
2 1105
1 1163
1 1137
1 1134
1 1123
1 1114
1 1152
1 1143
2 1119
1 1139
1 1152
1 1151
1 1133
1 1129
1 1120
2 1107
1 1118
1 1131
2 1127
1 1119
1 1124
2 1131
1 1133
1 1163
1 1144
1 1114
2 1113
1 1111
1 1124
1 1139
2 1123
1 1127
1 1149
1 1136
1 1135
1 1133
1 1131
1 1148
1 1133
1 1155
1 1140
1 1132
1 1147
1 1159
1 1120
1 1140
1 1140
1 1138
1 1130
1 1146
1 1151
1 1125
1 1110
1 1147
2 1133
1 1140
1 1147
0 1167
1 1124
1 1155
1 1133
1 1142
1 1154
1 1161
1 1139
1 1119
2 1126
2 1127
1 1123
2 1119
1 1091
2 1135
1 1146
1 1116
1 1119
1 1152
1 1142
1 1141
1 1156
2 1119
1 1133
2 1116
2 1123
2 1106
1 1144
1 1110
1 1131
1 1125
1 1132
1 1165
2 1125
2 1107
1 1128
1 1156
1 1114
1 1110
2 1118
1 1136
1 1143
1 1153
1 1136
3 1148
1 1143
1 1164
2 1146
1 1141
1 1136
2 1132
1 1149
2 1140
1 1152
1 1127
1 1126
1 1132
1 1171
1 1148
1 1138
1 1149
1 1159
1 1130
2 1091
1 1137
1 1124
2 1140
2 1162
1 1135
1 1135
1 1139
1 1131
1 1131
1 1135
1 1151
1 1144
1 1121
1 1132
1 1124
2 1136
2 1095
2 1126
1 1142
1 1148
1 1116
2 1139
1 1170
1 1145
1 1130
2 1138
1 1141
1 1132
2 1104
1 1132
2 1141
1 1126
1 1121
1 1146
1 1136
1 1163
1 1117
2 1111
1 1142
1 1153
1 1157
1 1125
2 1115
2 1112
1 1150
2 1143
1 1141
1 1141
1 1148
1 1140
2 1149
2 1121
1 1147
1 1146
2 1137
1 1141
1 1133
1 1121
1 1121
1 1122
1 1134
1 1142
1 1144
1 1138
2 1122
1 1137
2 1117
1 1146
2 1112
1 1147
1 1134
1 1142
1 1116
1 1120
1 1134
1 1176
1 1117
2 1129
0 1160
1 1118
2 1121
1 1120
1 1136
2 1121
1 1132
1 1130
1 1125
1 1140
1 1147
1 1142
2 1110
1 1139
2 1129
2 1131
1 1112
2 1134
2 1082
2 1122
2 1129
2 1099
2 1136
1 1136
1 1079
1 1133
1 1135
1 1133
1 1142
1 1141
2 1134
1 1147
1 1173
0 1146
1 1139
1 1146
1 1155
2 1112
1 1128
1 1120
1 1134
2 1144
2 1132
2 1124
1 1153
2 1114
2 1145
2 1150
2 1127
1 1143
1 1152
1 1150
2 1120
1 1146
1 1143
1 1090
1 1127
1 1130
1 1098
1 1137
1 1141
1 1146
1 1134
1 1140
0 1151
1 1138
1 1131
1 1151
1 1141
1 1135
1 1139
1 1128
2 1122
1 1143
1 1138
1 1141
1 1145
1 1137
1 1137
1 1128
2 1102
2 1119
1 1143
2 1147
1 1154
1 1138
1 1129
2 1092
1 1130
1 1128
2 1129
1 1118
1 1107
2 1129
2 1128
1 1113
1 1139
1 1141
2 1109
1 1138
1 1145
1 1153
2 1095
1 1134
1 1153
2 1112
1 1117
1 1145
1 1153
1 1136
3 1130
1 1154
2 1121
1 1098
2 1093
1 1140
1 1122
1 1151
2 1138
2 1145
2 1137
1 1132
1 1166
1 1132
1 1116
1 1143
1 1125
1 1141
1 1130
1 1135
1 1144
1 1134
1 1156
2 1117
1 1127
2 1126
1 1142
1 1135
1 1133
1 1144
1 1153
1 1157
2 1154
2 1119
2 1131
1 1147
1 1125
2 1148
2 1145
1 1151
1 1132
1 1114
1 1130
1 1131
1 1135
1 1129
1 1152
1 1136
1 1131
1 1116
2 1110
1 1137
2 1126
2 1131
1 1128
2 1104
1 1126
1 1151
1 1135
2 1119
1 1158
2 1122
1 1127
1 1128
1 1130
1 1138
1 1132
2 1141
1 1152
1 1137
1 1152
1 1120
0 1176
1 1138
1 1130
1 1131
1 1108
2 1111
2 1108
1 1138
1 1161
1 1136
1 1136
2 1108
1 1121
1 1161
1 1143
1 1151
1 1161
1 1124
1 1123
1 1134
1 1116
2 1146
1 1169
1 1152
1 1136
1 1132
1 1111
3 1113
1 1129
2 1115
1 1113
1 1136
1 1143
1 1139
2 1111
1 1142
1 1147
2 1134
1 1133
2 1128
2 1120
2 1080
1 1136
2 1093
1 1127
1 1125
2 1125
1 1122
2 1140
0 1134
1 1115
1 1140
1 1137
2 1106
2 1133
1 1115
1 1137
2 1113
2 1156
1 1114
1 1144
1 1131
2 1101
1 1155
2 1117
2 1099
1 1134
2 1117
1 1140
1 1121
1 1132
1 1146
1 1140
1 1120
1 1112
1 1134
2 1130
2 1145
1 1139
2 1129
1 1148
1 1126
1 1166
1 1168
1 1115
1 1167
1 1124
1 1109
1 1127
1 1127
1 1106
1 1137
1 1121
1 1134
2 1081
1 1137
1 1105
1 1115
1 1131
1 1128
1 1126
2 1104
1 1113
2 1128
1 1121
2 1134
1 1127
1 1152
2 1090
1 1111
1 1135
1 1144
1 1137
1 1134
1 1129
2 1127
1 1158
1 1131
1 1118
1 1132
1 1130
1 1128
1 1126
1 1132
1 1133
2 1148
2 1138
1 1115
1 1124
1 1121
1 1133
1 1131
1 1124
0 1155
1 1122
1 1132
1 1130
1 1106
1 1114
1 1129
1 1146
1 1143
2 1117
1 1109
1 1113
1 1126
1 1132
1 1129
1 1129
1 1125
1 1108
1 1100
0 1147
1 1147
1 1148
1 1143
0 1163
1 1132
0 1141
1 1147
1 1129
0 1150
1 1156
1 1136
1 1129
1 1139
1 1106
1 1140
1 1131
1 1142
1 1132
0 1169
1 1122
1 1144
1 1142
1 1136
1 1137
1 1143
1 1133
1 1150
1 1142
1 1133
1 1161
1 1145
1 1172
1 1161
1 1150
1 1156
0 1166
1 1130
1 1152
1 1162
1 1144
1 1143
1 1129
1 1152
1 1148
1 1155
1 1140
1 1155
1 1144
1 1125
1 1129
1 1120
1 1123
1 1118
1 1121
1 1126
1 1126
1 1141
1 1143
1 1132
0 1168
1 1133
1 1122
1 1133
1 1107
1 1117
1 1140
1 1133
1 1150
1 1135
1 1171
1 1140
1 1142
1 1090
1 1127
1 1143
1 1150
1 1149
1 1108
1 1151
1 1151
1 1122
0 1159
1 1126
0 1186
0 1167
1 1110
0 1165
1 1139
1 1100
1 1116
1 1128
1 1132
1 1156
1 1157
1 1121
0 1150
1 1113
1 1148
1 1116
1 1129
2 1108
1 1099
2 1157
1 1158
1 1134
1 1136
1 1144
1 1135
1 1122
1 1165
1 1143
2 1106
1 1121
2 1114
2 1137
2 1106
2 1130
1 1144
1 1133
1 1132
1 1143
1 1130
2 1121
2 1104
1 1158
1 1126
1 1152
1 1137
1 1132
1 1144
2 1126
2 1138
2 1132
2 1138
1 1124
2 1100
2 1145
1 1123
1 1130
1 1135
1 1104
1 1153
1 1104
1 1128
2 1126
1 1133
2 1075
2 1120
1 1138
2 1133
1 1126
2 1108
2 1098
1 1137
2 1151
2 1113
1 1117
2 1153
1 1144
1 1140
1 1135
1 1130
1 1144
1 1124
1 1135
1 1133
2 1138
2 1136
0 1147
0 1151
1 1094
1 1138
1 1120
2 1105
0 1143
1 1101
1 1100
1 1106
1 1119
1 1133
1 1114
2 1102
1 1110
1 1102
1 1114
0 1158
1 1136
0 1160
1 1141
2 1138
1 1153
2 1122
0 1143
1 1101
1 1120
1 1124
1 1149
0 1150
1 1130
1 1135
0 1144
0 1138
1 1117
1 1157
1 1092
1 1135
2 1145
1 1133
1 1114
1 1117
2 1114
1 1141
1 1106
0 1163
1 1148
1 1125
1 1142
1 1133
0 1140
1 1129
2 1132
1 1167
2 1149
1 1129
1 1125
1 1127
1 1145
0 1185
3 1124
1 1151
0 1154
0 1180
1 1121
1 1149
1 1118
1 1136
1 1129
1 1144
1 1135
2 1107
1 1133
1 1148
1 1132
1 1137
1 1119
1 1122
1 1120
2 1106
1 1142
1 1133
1 1117
1 1133
1 1130
2 1103
1 1126
1 1149
1 1139
1 1149
1 1166
1 1134
1 1141
2 1121
2 1130
1 1140
1 1122
1 1145
1 1121
2 1115
1 1151
1 1122
1 1122
1 1125
1 1121
0 1172
1 1131
2 1101
2 1135
1 1129
2 1120
1 1142
1 1142
1 1154
1 1124
1 1112
1 1139
1 1125
2 1126
2 1129
1 1127
1 1134
1 1129
2 1132
2 1150
1 1148
1 1125
1 1109
2 1152
2 1098
1 1140
1 1142
1 1134
1 1140
1 1141
1 1129
1 1144
2 1123
1 1128
1 1115
1 1135
2 1132
1 1138
2 1089
2 1094
2 1116
1 1133
2 1121
1 1142
1 1145
1 1145
1 1160
1 1104
1 1126
1 1141
1 1142
2 1142
1 1144
2 1099
1 1134
1 1117
2 1131
1 1137
1 1107
1 1130
1 1143
2 1137
2 1129
1 1136
1 1135
1 1128
1 1161
1 1127
1 1122
1 1133
1 1139
1 1121
1 1100
1 1122
2 1108
1 1125
2 1104
1 1099
1 1114
1 1114
1 1130
1 1110
1 1141
1 1130
1 1128
1 1124
2 1147
1 1149
2 1128
2 1113
2 1137
1 1138
1 1149
2 1120
1 1126
1 1144
1 1136
1 1118
1 1117
1 1136
2 1116
1 1117
1 1127
1 1123
0 1157
0 1158
1 1107
2 1126
1 1121
1 1154
1 1130
1 1147
1 1143
1 1136
2 1085
1 1138
1 1125
1 1124
1 1140
1 1129
1 1132
2 1136
1 1130
2 1088
1 1132
2 1132
1 1132
1 1132
1 1134
1 1120
1 1131
1 1124
1 1143
2 1134
1 1128
1 1105
1 1137
1 1136
1 1145
1 1128
1 1120
1 1120
2 1117
1 1125
1 1127
1 1124
1 1154
1 1130
1 1134
2 1112
1 1132
1 1155
1 1132
1 1137
1 1130
1 1141
1 1131
1 1126
1 1134
2 1144
2 1117
1 1117
1 1113
1 1147
2 1127
1 1133
1 1127
1 1135
1 1123
1 1122
1 1116
1 1138
3 1120
0 1188
2 1099
1 1154
2 1135
2 1115
2 1142
1 1137
1 1141
1 1127
1 1163
1 1149
1 1142
2 1128
1 1145
1 1144
2 1150
2 1082
2 1090
2 1149
1 1134
1 1143
2 1134
1 1132
1 1135
2 1108
1 1136
1 1147
1 1119
1 1166
1 1125
1 1141
1 1120
1 1168
2 1103
2 1137
1 1132
2 1136
2 1126
